param sigma
: 1 2 :=
1	1e-05	0.99999
2	0.1	0.9
3	0.2	0.8
4	0.3	0.7
5	0.4	0.6
6	0.5	0.5
7	0.6	0.4
8	0.7	0.3
9	0.8	0.2
10	0.9	0.1
11	0.99999	1e-05
;

set O := 1 65;
set R := 2 3 4 5 6 7 8 9 10 11 12 13 14 15 16 17 18 19 20 21 22 23 24 25 26 27 28 29 30 31 32 33 34 35 36 37 38 39 40 41 42 43 44 45 46 47 48 49 50 51 52 53 54 55 56 57 58 59 60 61 62 63 64;
set S := 1 65;
set K := 1 2 3 4 5 6 7 8 9 10 11 12 13;
param b := 62;
param theta := 4808.0;
param peso_vacio := 3500;
param alpha :=
0 0
1 0
2 0
3 0
4 0
;
param beta :=
0 0.2
1 -0.1
2 0
3 0
4 0
;
param gamma :=
0 16.4
1 2.2
2 2.2
3 0.6
4 0.4
;
param delta :=
0 0
1 0
2 0
3 0
4 0
;
param epsilon :=
0 0.3
1 0
2 0
3 0
4 0
;
param zeta :=
0 2.4
1 2.5
2 1.3
3 4.5
4 3.3
;
param hta :=
0 1
1 1
2 1
3 1
4 1
;
param dm :=
1 0
2 21
3 20
4 19
5 18
6 17
7 16
8 15
9 14
10 13
11 12
12 11
13 10
14 9
15 8
16 7
17 6
18 5
19 4
20 3
21 2
22 1
23 21
24 20
25 19
26 18
27 17
28 16
29 15
30 14
31 13
32 12
33 11
34 10
35 9
36 8
37 7
38 6
39 5
40 4
41 3
42 2
43 1
44 21
45 20
46 19
47 18
48 17
49 16
50 15
51 14
52 13
53 12
54 11
55 10
56 9
57 8
58 7
59 6
60 5
61 4
62 3
63 2
64 1
65 0
;
param d :=
1 1 0.00
1 2 9.66
1 3 8.41
1 4 7.26
1 5 6.18
1 6 5.14
1 7 4.13
1 8 3.13
1 9 2.17
1 10 1.24
1 11 0.58
1 12 1.02
1 13 1.92
1 14 2.89
1 15 3.88
1 16 4.89
1 17 5.93
1 18 7.02
1 19 8.17
1 20 9.43
1 21 10.94
1 22 13.17
1 23 16.75
1 24 17.76
1 25 18.58
1 26 19.27
1 27 19.88
1 28 20.43
1 29 20.93
1 30 21.39
1 31 21.82
1 32 22.23
1 33 22.60
1 34 22.95
1 35 23.27
1 36 23.56
1 37 23.83
1 38 24.05
1 39 24.22
1 40 24.32
1 41 24.31
1 42 24.04
1 43 23.26
1 44 12.52
1 45 13.50
1 46 14.53
1 47 15.58
1 48 16.62
1 49 17.66
1 50 18.68
1 51 19.70
1 52 20.70
1 53 21.70
1 54 22.69
1 55 23.67
1 56 24.64
1 57 25.61
1 58 26.57
1 59 27.54
1 60 28.52
1 61 29.50
1 62 30.51
1 63 31.59
1 64 32.89
1 65 26.30
2 1 9.66
2 2 0.00
2 3 1.42
2 4 2.67
2 5 3.81
2 6 4.88
2 7 5.91
2 8 6.91
2 9 7.87
2 10 8.82
2 11 9.75
2 12 10.67
2 13 11.57
2 14 12.48
2 15 13.38
2 16 14.28
2 17 15.18
2 18 16.10
2 19 17.03
2 20 18.00
2 21 19.06
2 22 20.45
2 23 7.57
2 24 8.35
2 25 9.02
2 26 9.63
2 27 10.22
2 28 10.78
2 29 11.33
2 30 11.87
2 31 12.40
2 32 12.93
2 33 13.46
2 34 13.98
2 35 14.50
2 36 15.01
2 37 15.51
2 38 16.01
2 39 16.49
2 40 16.96
2 41 17.40
2 42 17.76
2 43 18.06
2 44 7.57
2 45 9.00
2 46 10.23
2 47 11.35
2 48 12.40
2 49 13.38
2 50 14.32
2 51 15.22
2 52 16.09
2 53 16.94
2 54 17.77
2 55 18.58
2 56 19.37
2 57 20.15
2 58 20.91
2 59 21.66
2 60 22.40
2 61 23.13
2 62 23.83
2 63 24.51
2 64 25.22
2 65 17.80
3 1 8.41
3 2 1.42
3 3 0.00
3 4 1.25
3 5 2.41
3 6 3.49
3 7 4.54
3 8 5.55
3 9 6.53
3 10 7.50
3 11 8.45
3 12 9.40
3 13 10.33
3 14 11.26
3 15 12.19
3 16 13.12
3 17 14.06
3 18 15.02
3 19 16.00
3 20 17.03
3 21 18.18
3 22 19.72
3 23 9.00
3 24 9.76
3 25 10.40
3 26 10.98
3 27 11.52
3 28 12.03
3 29 12.52
3 30 13.00
3 31 13.48
3 32 13.94
3 33 14.40
3 34 14.85
3 35 15.30
3 36 15.74
3 37 16.17
3 38 16.58
3 39 16.98
3 40 17.36
3 41 17.68
3 42 17.90
3 43 17.98
3 44 8.35
3 45 9.76
3 46 11.01
3 47 12.16
3 48 13.23
3 49 14.24
3 50 15.21
3 51 16.15
3 52 17.05
3 53 17.93
3 54 18.79
3 55 19.63
3 56 20.45
3 57 21.26
3 58 22.05
3 59 22.83
3 60 23.60
3 61 24.36
3 62 25.10
3 63 25.82
3 64 26.58
3 65 19.21
4 1 7.26
4 2 2.67
4 3 1.25
4 4 0.00
4 5 1.16
4 6 2.25
4 7 3.31
4 8 4.33
4 9 5.33
4 10 6.31
4 11 7.27
4 12 8.23
4 13 9.19
4 14 10.14
4 15 11.09
4 16 12.04
4 17 13.01
4 18 14.00
4 19 15.02
4 20 16.10
4 21 17.32
4 22 18.98
4 23 10.23
4 24 11.01
4 25 11.65
4 26 12.22
4 27 12.73
4 28 13.22
4 29 13.68
4 30 14.13
4 31 14.57
4 32 14.99
4 33 15.40
4 34 15.81
4 35 16.21
4 36 16.59
4 37 16.97
4 38 17.32
4 39 17.66
4 40 17.95
4 41 18.19
4 42 18.29
4 43 18.17
4 44 9.02
4 45 10.40
4 46 11.65
4 47 12.81
4 48 13.89
4 49 14.93
4 50 15.92
4 51 16.88
4 52 17.81
4 53 18.71
4 54 19.60
4 55 20.46
4 56 21.31
4 57 22.14
4 58 22.96
4 59 23.77
4 60 24.57
4 61 25.36
4 62 26.13
4 63 26.90
4 64 27.72
4 65 20.41
5 1 6.18
5 2 3.81
5 3 2.41
5 4 1.16
5 5 0.00
5 6 1.10
5 7 2.16
5 8 3.19
5 9 4.19
5 10 5.18
5 11 6.16
5 12 7.13
5 13 8.10
5 14 9.06
5 15 10.03
5 16 11.01
5 17 12.00
5 18 13.01
5 19 14.06
5 20 15.18
5 21 16.47
5 22 18.24
5 23 11.35
5 24 12.16
5 25 12.81
5 26 13.37
5 27 13.89
5 28 14.36
5 29 14.81
5 30 15.24
5 31 15.65
5 32 16.05
5 33 16.43
5 34 16.80
5 35 17.17
5 36 17.51
5 37 17.84
5 38 18.15
5 39 18.44
5 40 18.67
5 41 18.84
5 42 18.84
5 43 18.56
5 44 9.63
5 45 10.98
5 46 12.22
5 47 13.37
5 48 14.47
5 49 15.52
5 50 16.53
5 51 17.50
5 52 18.45
5 53 19.38
5 54 20.28
5 55 21.17
5 56 22.04
5 57 22.90
5 58 23.74
5 59 24.58
5 60 25.40
5 61 26.22
5 62 27.03
5 63 27.84
5 64 28.72
5 65 21.49
6 1 5.14
6 2 4.88
6 3 3.49
6 4 2.25
6 5 1.10
6 6 0.00
6 7 1.06
6 8 2.09
6 9 3.10
6 10 4.10
6 11 5.09
6 12 6.07
6 13 7.05
6 14 8.02
6 15 9.01
6 16 10.00
6 17 11.01
6 18 12.04
6 19 13.12
6 20 14.28
6 21 15.62
6 22 17.49
6 23 12.40
6 24 13.23
6 25 13.89
6 26 14.47
6 27 14.98
6 28 15.46
6 29 15.90
6 30 16.32
6 31 16.72
6 32 17.10
6 33 17.46
6 34 17.81
6 35 18.15
6 36 18.47
6 37 18.77
6 38 19.04
6 39 19.28
6 40 19.48
6 41 19.58
6 42 19.50
6 43 19.08
6 44 10.22
6 45 11.52
6 46 12.73
6 47 13.89
6 48 14.98
6 49 16.04
6 50 17.06
6 51 18.05
6 52 19.02
6 53 19.96
6 54 20.88
6 55 21.79
6 56 22.68
6 57 23.56
6 58 24.43
6 59 25.29
6 60 26.14
6 61 26.99
6 62 27.83
6 63 28.68
6 64 29.63
6 65 22.47
7 1 4.13
7 2 5.91
7 3 4.54
7 4 3.31
7 5 2.16
7 6 1.06
7 7 0.00
7 8 1.03
7 9 2.05
7 10 3.05
7 11 4.04
7 12 5.03
7 13 6.02
7 14 7.00
7 15 8.00
7 16 9.01
7 17 10.03
7 18 11.09
7 19 12.19
7 20 13.38
7 21 14.77
7 22 16.73
7 23 13.38
7 24 14.24
7 25 14.93
7 26 15.52
7 27 16.04
7 28 16.52
7 29 16.96
7 30 17.37
7 31 17.77
7 32 18.14
7 33 18.49
7 34 18.83
7 35 19.15
7 36 19.45
7 37 19.72
7 38 19.97
7 39 20.18
7 40 20.33
7 41 20.39
7 42 20.24
7 43 19.71
7 44 10.78
7 45 12.03
7 46 13.22
7 47 14.36
7 48 15.46
7 49 16.52
7 50 17.55
7 51 18.55
7 52 19.52
7 53 20.48
7 54 21.42
7 55 22.35
7 56 23.26
7 57 24.16
7 58 25.05
7 59 25.93
7 60 26.80
7 61 27.68
7 62 28.55
7 63 29.44
7 64 30.46
7 65 23.39
8 1 3.13
8 2 6.91
8 3 5.55
8 4 4.33
8 5 3.19
8 6 2.09
8 7 1.03
8 8 0.00
8 9 1.02
8 10 2.02
8 11 3.02
8 12 4.01
8 13 5.00
8 14 6.00
8 15 7.00
8 16 8.02
8 17 9.06
8 18 10.14
8 19 11.26
8 20 12.48
8 21 13.91
8 22 15.97
8 23 14.32
8 24 15.21
8 25 15.92
8 26 16.53
8 27 17.06
8 28 17.55
8 29 17.99
8 30 18.41
8 31 18.80
8 32 19.17
8 33 19.51
8 34 19.84
8 35 20.15
8 36 20.43
8 37 20.69
8 38 20.92
8 39 21.10
8 40 21.23
8 41 21.25
8 42 21.05
8 43 20.41
8 44 11.33
8 45 12.52
8 46 13.68
8 47 14.81
8 48 15.90
8 49 16.96
8 50 17.99
8 51 19.00
8 52 19.99
8 53 20.96
8 54 21.91
8 55 22.85
8 56 23.78
8 57 24.70
8 58 25.61
8 59 26.51
8 60 27.41
8 61 28.31
8 62 29.22
8 63 30.15
8 64 31.23
8 65 24.25
9 1 2.17
9 2 7.87
9 3 6.53
9 4 5.33
9 5 4.19
9 6 3.10
9 7 2.05
9 8 1.02
9 9 0.00
9 10 1.01
9 11 2.01
9 12 3.00
9 13 4.00
9 14 5.00
9 15 6.02
9 16 7.05
9 17 8.10
9 18 9.19
9 19 10.33
9 20 11.57
9 21 13.06
9 22 15.19
9 23 15.22
9 24 16.14
9 25 16.88
9 26 17.50
9 27 18.05
9 28 18.55
9 29 19.00
9 30 19.42
9 31 19.81
9 32 20.18
9 33 20.53
9 34 20.85
9 35 21.15
9 36 21.43
9 37 21.67
9 38 21.89
9 39 22.05
9 40 22.16
9 41 22.15
9 42 21.91
9 43 21.19
9 44 11.87
9 45 13.00
9 46 14.13
9 47 15.24
9 48 16.32
9 49 17.37
9 50 18.41
9 51 19.42
9 52 20.42
9 53 21.40
9 54 22.36
9 55 23.32
9 56 24.26
9 57 25.19
9 58 26.12
9 59 27.05
9 60 27.97
9 61 28.89
9 62 29.83
9 63 30.81
9 64 31.95
9 65 25.07
10 1 1.24
10 2 8.82
10 3 7.50
10 4 6.31
10 5 5.18
10 6 4.10
10 7 3.05
10 8 2.02
10 9 1.01
10 10 0.00
10 11 1.00
10 12 2.00
10 13 3.00
10 14 4.01
10 15 5.03
10 16 6.07
10 17 7.13
10 18 8.23
10 19 9.40
10 20 10.67
10 21 12.19
10 22 14.40
10 23 16.10
10 24 17.05
10 25 17.81
10 26 18.45
10 27 19.02
10 28 19.52
10 29 19.99
10 30 20.42
10 31 20.82
10 32 21.19
10 33 21.53
10 34 21.86
10 35 22.15
10 36 22.42
10 37 22.66
10 38 22.87
10 39 23.02
10 40 23.11
10 41 23.08
10 42 22.80
10 43 22.02
10 44 12.41
10 45 13.48
10 46 14.57
10 47 15.65
10 48 16.72
10 49 17.77
10 50 18.80
10 51 19.82
10 52 20.82
10 53 21.80
10 54 22.78
10 55 23.75
10 56 24.70
10 57 25.65
10 58 26.60
10 59 27.54
10 60 28.48
10 61 29.43
10 62 30.40
10 63 31.42
10 64 32.62
10 65 25.85
11 1 0.58
11 2 9.75
11 3 8.45
11 4 7.27
11 5 6.16
11 6 5.09
11 7 4.04
11 8 3.02
11 9 2.01
11 10 1.00
11 11 0.00
11 12 1.00
11 13 2.01
11 14 3.02
11 15 4.04
11 16 5.09
11 17 6.16
11 18 7.27
11 19 8.45
11 20 9.75
11 21 11.31
11 22 13.60
11 23 16.94
11 24 17.93
11 25 18.71
11 26 19.38
11 27 19.96
11 28 20.48
11 29 20.96
11 30 21.40
11 31 21.80
11 32 22.18
11 33 22.53
11 34 22.86
11 35 23.15
11 36 23.42
11 37 23.66
11 38 23.86
11 39 24.00
11 40 24.08
11 41 24.03
11 42 23.73
11 43 22.89
11 44 12.93
11 45 13.94
11 46 14.99
11 47 16.05
11 48 17.10
11 49 18.14
11 50 19.17
11 51 20.18
11 52 21.19
11 53 22.18
11 54 23.17
11 55 24.14
11 56 25.11
11 57 26.07
11 58 27.03
11 59 28.00
11 60 28.96
11 61 29.93
11 62 30.93
11 63 31.99
11 64 33.26
11 65 26.59
12 1 1.02
12 2 10.67
12 3 9.40
12 4 8.23
12 5 7.13
12 6 6.07
12 7 5.03
12 8 4.01
12 9 3.00
12 10 2.00
12 11 1.00
12 12 0.00
12 13 1.01
12 14 2.02
12 15 3.05
12 16 4.10
12 17 5.18
12 18 6.31
12 19 7.50
12 20 8.82
12 21 10.42
12 22 12.78
12 23 17.77
12 24 18.79
12 25 19.59
12 26 20.28
12 27 20.88
12 28 21.42
12 29 21.91
12 30 22.36
12 31 22.78
12 32 23.16
12 33 23.52
12 34 23.85
12 35 24.15
12 36 24.42
12 37 24.66
12 38 24.85
12 39 25.00
12 40 25.06
12 41 25.01
12 42 24.68
12 43 23.81
12 44 13.46
12 45 14.40
12 46 15.40
12 47 16.43
12 48 17.46
12 49 18.49
12 50 19.51
12 51 20.53
12 52 21.53
12 53 22.53
12 54 23.52
12 55 24.51
12 56 25.49
12 57 26.46
12 58 27.44
12 59 28.42
12 60 29.40
12 61 30.40
12 62 31.42
12 63 32.52
12 64 33.86
12 65 27.30
13 1 1.92
13 2 11.57
13 3 10.33
13 4 9.19
13 5 8.10
13 6 7.05
13 7 6.02
13 8 5.00
13 9 4.00
13 10 3.00
13 11 2.01
13 12 1.01
13 13 0.00
13 14 1.02
13 15 2.05
13 16 3.10
13 17 4.19
13 18 5.33
13 19 6.53
13 20 7.87
13 21 9.51
13 22 11.95
13 23 18.58
13 24 19.63
13 25 20.46
13 26 21.17
13 27 21.79
13 28 22.35
13 29 22.85
13 30 23.32
13 31 23.74
13 32 24.14
13 33 24.51
13 34 24.84
13 35 25.15
13 36 25.43
13 37 25.66
13 38 25.86
13 39 26.00
13 40 26.07
13 41 26.00
13 42 25.66
13 43 24.76
13 44 13.98
13 45 14.85
13 46 15.81
13 47 16.80
13 48 17.81
13 49 18.83
13 50 19.84
13 51 20.85
13 52 21.86
13 53 22.86
13 54 23.85
13 55 24.84
13 56 25.83
13 57 26.82
13 58 27.81
13 59 28.80
13 60 29.81
13 61 30.83
13 62 31.88
13 63 33.02
13 64 34.42
13 65 27.99
14 1 2.89
14 2 12.48
14 3 11.26
14 4 10.14
14 5 9.06
14 6 8.02
14 7 7.00
14 8 6.00
14 9 5.00
14 10 4.01
14 11 3.02
14 12 2.02
14 13 1.02
14 14 0.00
14 15 1.03
14 16 2.09
14 17 3.19
14 18 4.33
14 19 5.55
14 20 6.91
14 21 8.58
14 22 11.09
14 23 19.37
14 24 20.45
14 25 21.31
14 26 22.04
14 27 22.68
14 28 23.26
14 29 23.78
14 30 24.26
14 31 24.70
14 32 25.11
14 33 25.49
14 34 25.83
14 35 26.15
14 36 26.43
14 37 26.67
14 38 26.87
14 39 27.02
14 40 27.08
14 41 27.02
14 42 26.67
14 43 25.74
14 44 14.50
14 45 15.30
14 46 16.21
14 47 17.17
14 48 18.15
14 49 19.15
14 50 20.15
14 51 21.15
14 52 22.15
14 53 23.15
14 54 24.15
14 55 25.15
14 56 26.15
14 57 27.15
14 58 28.15
14 59 29.16
14 60 30.18
14 61 31.22
14 62 32.30
14 63 33.48
14 64 34.94
14 65 28.65
15 1 3.88
15 2 13.38
15 3 12.19
15 4 11.09
15 5 10.03
15 6 9.01
15 7 8.00
15 8 7.00
15 9 6.02
15 10 5.03
15 11 4.04
15 12 3.05
15 13 2.05
15 14 1.03
15 15 0.00
15 16 1.06
15 17 2.16
15 18 3.31
15 19 4.54
15 20 5.91
15 21 7.62
15 22 10.19
15 23 20.15
15 24 21.26
15 25 22.14
15 26 22.90
15 27 23.56
15 28 24.16
15 29 24.70
15 30 25.19
15 31 25.65
15 32 26.07
15 33 26.46
15 34 26.82
15 35 27.15
15 36 27.44
15 37 27.69
15 38 27.90
15 39 28.05
15 40 28.11
15 41 28.05
15 42 27.70
15 43 26.76
15 44 15.01
15 45 15.74
15 46 16.59
15 47 17.51
15 48 18.47
15 49 19.44
15 50 20.43
15 51 21.43
15 52 22.42
15 53 23.42
15 54 24.42
15 55 25.43
15 56 26.43
15 57 27.44
15 58 28.45
15 59 29.47
15 60 30.51
15 61 31.58
15 62 32.68
15 63 33.90
15 64 35.43
15 65 29.27
16 1 4.89
16 2 14.28
16 3 13.12
16 4 12.04
16 5 11.01
16 6 10.00
16 7 9.01
16 8 8.02
16 9 7.05
16 10 6.07
16 11 5.09
16 12 4.10
16 13 3.10
16 14 2.09
16 15 1.06
16 16 0.00
16 17 1.10
16 18 2.25
16 19 3.49
16 20 4.88
16 21 6.63
16 22 9.27
16 23 20.91
16 24 22.05
16 25 22.96
16 26 23.74
16 27 24.43
16 28 25.05
16 29 25.61
16 30 26.12
16 31 26.60
16 32 27.03
16 33 27.44
16 34 27.81
16 35 28.15
16 36 28.45
16 37 28.71
16 38 28.93
16 39 29.09
16 40 29.16
16 41 29.11
16 42 28.76
16 43 27.82
16 44 15.51
16 45 16.17
16 46 16.97
16 47 17.84
16 48 18.77
16 49 19.72
16 50 20.69
16 51 21.67
16 52 22.66
16 53 23.66
16 54 24.66
16 55 25.66
16 56 26.67
16 57 27.69
16 58 28.71
16 59 29.75
16 60 30.81
16 61 31.89
16 62 33.03
16 63 34.28
16 64 35.88
16 65 29.87
17 1 5.93
17 2 15.18
17 3 14.06
17 4 13.01
17 5 12.00
17 6 11.01
17 7 10.03
17 8 9.06
17 9 8.10
17 10 7.13
17 11 6.16
17 12 5.18
17 13 4.19
17 14 3.19
17 15 2.16
17 16 1.10
17 17 0.00
17 18 1.16
17 19 2.41
17 20 3.81
17 21 5.58
17 22 8.28
17 23 21.67
17 24 22.83
17 25 23.77
17 26 24.58
17 27 25.29
17 28 25.93
17 29 26.51
17 30 27.05
17 31 27.54
17 32 28.00
17 33 28.42
17 34 28.80
17 35 29.16
17 36 29.47
17 37 29.75
17 38 29.98
17 39 30.15
17 40 30.24
17 41 30.19
17 42 29.86
17 43 28.92
17 44 16.01
17 45 16.58
17 46 17.32
17 47 18.15
17 48 19.04
17 49 19.97
17 50 20.92
17 51 21.89
17 52 22.87
17 53 23.86
17 54 24.86
17 55 25.86
17 56 26.87
17 57 27.90
17 58 28.93
17 59 29.98
17 60 31.05
17 61 32.16
17 62 33.32
17 63 34.62
17 64 36.29
17 65 30.44
18 1 7.02
18 2 16.10
18 3 15.02
18 4 14.00
18 5 13.01
18 6 12.04
18 7 11.09
18 8 10.14
18 9 9.19
18 10 8.23
18 11 7.27
18 12 6.31
18 13 5.33
18 14 4.33
18 15 3.31
18 16 2.25
18 17 1.16
18 18 0.00
18 19 1.25
18 20 2.67
18 21 4.47
18 22 7.23
18 23 22.40
18 24 23.60
18 25 24.57
18 26 25.40
18 27 26.14
18 28 26.80
18 29 27.41
18 30 27.97
18 31 28.48
18 32 28.96
18 33 29.40
18 34 29.81
18 35 30.18
18 36 30.51
18 37 30.81
18 38 31.05
18 39 31.24
18 40 31.34
18 41 31.31
18 42 30.99
18 43 30.07
18 44 16.50
18 45 16.98
18 46 17.66
18 47 18.44
18 48 19.28
18 49 20.18
18 50 21.10
18 51 22.05
18 52 23.02
18 53 24.00
18 54 25.00
18 55 26.00
18 56 27.02
18 57 28.05
18 58 29.09
18 59 30.15
18 60 31.24
18 61 32.36
18 62 33.55
18 63 34.89
18 64 36.64
18 65 30.97
19 1 8.17
19 2 17.03
19 3 16.00
19 4 15.02
19 5 14.06
19 6 13.12
19 7 12.19
19 8 11.26
19 9 10.33
19 10 9.40
19 11 8.45
19 12 7.50
19 13 6.53
19 14 5.55
19 15 4.54
19 16 3.49
19 17 2.41
19 18 1.25
19 19 0.00
19 20 1.42
19 21 3.24
19 22 6.06
19 23 23.13
19 24 24.36
19 25 25.36
19 26 26.22
19 27 26.99
19 28 27.68
19 29 28.31
19 30 28.89
19 31 29.43
19 32 29.93
19 33 30.40
19 34 30.83
19 35 31.22
19 36 31.58
19 37 31.89
19 38 32.16
19 39 32.36
19 40 32.48
19 41 32.48
19 42 32.18
19 43 31.29
19 44 16.96
19 45 17.36
19 46 17.95
19 47 18.68
19 48 19.48
19 49 20.33
19 50 21.23
19 51 22.16
19 52 23.11
19 53 24.08
19 54 25.06
19 55 26.07
19 56 27.08
19 57 28.11
19 58 29.16
19 59 30.24
19 60 31.34
19 61 32.48
19 62 33.70
19 63 35.09
19 64 36.91
19 65 31.45
20 1 9.43
20 2 18.00
20 3 17.03
20 4 16.10
20 5 15.18
20 6 14.28
20 7 13.38
20 8 12.48
20 9 11.57
20 10 10.67
20 11 9.75
20 12 8.82
20 13 7.87
20 14 6.91
20 15 5.91
20 16 4.88
20 17 3.81
20 18 2.67
20 19 1.42
20 20 0.00
20 21 1.84
20 22 4.70
20 23 23.84
20 24 25.10
20 25 26.13
20 26 27.03
20 27 27.83
20 28 28.55
20 29 29.22
20 30 29.83
20 31 30.40
20 32 30.93
20 33 31.42
20 34 31.88
20 35 32.30
20 36 32.68
20 37 33.03
20 38 33.32
20 39 33.55
20 40 33.70
20 41 33.73
20 42 33.46
20 43 32.62
20 44 17.40
20 45 17.68
20 46 18.19
20 47 18.84
20 48 19.58
20 49 20.39
20 50 21.25
20 51 22.15
20 52 23.08
20 53 24.03
20 54 25.01
20 55 26.00
20 56 27.02
20 57 28.05
20 58 29.11
20 59 30.19
20 60 31.31
20 61 32.48
20 62 33.72
20 63 35.16
20 64 37.07
20 65 31.85
21 1 10.94
21 2 19.06
21 3 18.18
21 4 17.32
21 5 16.47
21 6 15.62
21 7 14.77
21 8 13.91
21 9 13.06
21 10 12.19
21 11 11.31
21 12 10.42
21 13 9.51
21 14 8.58
21 15 7.62
21 16 6.63
21 17 5.58
21 18 4.47
21 19 3.24
21 20 1.84
21 21 0.00
21 22 2.89
21 23 24.51
21 24 25.82
21 25 26.90
21 26 27.84
21 27 28.68
21 28 29.44
21 29 30.15
21 30 30.81
21 31 31.42
21 32 31.99
21 33 32.52
21 34 33.02
21 35 33.48
21 36 33.90
21 37 34.28
21 38 34.62
21 39 34.89
21 40 35.09
21 41 35.16
21 42 34.96
21 43 34.20
21 44 17.76
21 45 17.90
21 46 18.29
21 47 18.84
21 48 19.50
21 49 20.24
21 50 21.05
21 51 21.91
21 52 22.80
21 53 23.73
21 54 24.68
21 55 25.66
21 56 26.67
21 57 27.70
21 58 28.76
21 59 29.85
21 60 30.99
21 61 32.18
21 62 33.46
21 63 34.96
21 64 36.97
21 65 32.09
22 1 13.17
22 2 20.45
22 3 19.72
22 4 18.98
22 5 18.24
22 6 17.49
22 7 16.73
22 8 15.97
22 9 15.19
22 10 14.40
22 11 13.60
22 12 12.78
22 13 11.95
22 14 11.09
22 15 10.19
22 16 9.27
22 17 8.28
22 18 7.23
22 19 6.06
22 20 4.70
22 21 2.89
22 22 0.00
22 23 25.22
22 24 26.58
22 25 27.72
22 26 28.72
22 27 29.62
22 28 30.46
22 29 31.23
22 30 31.95
22 31 32.62
22 32 33.26
22 33 33.85
22 34 34.42
22 35 34.94
22 36 35.43
22 37 35.88
22 38 36.29
22 39 36.64
22 40 36.91
22 41 37.07
22 42 36.97
22 43 36.37
22 44 18.06
22 45 17.98
22 46 18.17
22 47 18.56
22 48 19.08
22 49 19.71
22 50 20.41
22 51 21.19
22 52 22.02
22 53 22.89
22 54 23.81
22 55 24.76
22 56 25.74
22 57 26.76
22 58 27.82
22 59 28.92
22 60 30.07
22 61 31.29
22 62 32.62
22 63 34.20
22 64 36.37
22 65 32.05
23 1 16.75
23 2 7.57
23 3 9.00
23 4 10.23
23 5 11.35
23 6 12.40
23 7 13.38
23 8 14.32
23 9 15.22
23 10 16.10
23 11 16.94
23 12 17.77
23 13 18.58
23 14 19.37
23 15 20.15
23 16 20.91
23 17 21.67
23 18 22.40
23 19 23.13
23 20 23.84
23 21 24.51
23 22 25.22
23 23 0.00
23 24 1.42
23 25 2.67
23 26 3.81
23 27 4.88
23 28 5.91
23 29 6.91
23 30 7.87
23 31 8.82
23 32 9.75
23 33 10.66
23 34 11.57
23 35 12.48
23 36 13.38
23 37 14.28
23 38 15.18
23 39 16.10
23 40 17.03
23 41 18.00
23 42 19.06
23 43 20.45
23 44 7.57
23 45 8.35
23 46 9.02
23 47 9.63
23 48 10.22
23 49 10.78
23 50 11.33
23 51 11.87
23 52 12.40
23 53 12.93
23 54 13.46
23 55 13.98
23 56 14.50
23 57 15.01
23 58 15.51
23 59 16.01
23 60 16.49
23 61 16.96
23 62 17.40
23 63 17.75
23 64 18.06
23 65 10.34
24 1 17.76
24 2 8.35
24 3 9.76
24 4 11.01
24 5 12.16
24 6 13.23
24 7 14.24
24 8 15.21
24 9 16.14
24 10 17.05
24 11 17.93
24 12 18.79
24 13 19.63
24 14 20.45
24 15 21.26
24 16 22.05
24 17 22.83
24 18 23.60
24 19 24.36
24 20 25.10
24 21 25.82
24 22 26.58
24 23 1.42
24 24 0.00
24 25 1.25
24 26 2.41
24 27 3.49
24 28 4.54
24 29 5.55
24 30 6.53
24 31 7.50
24 32 8.45
24 33 9.40
24 34 10.33
24 35 11.26
24 36 12.19
24 37 13.12
24 38 14.06
24 39 15.02
24 40 16.00
24 41 17.03
24 42 18.18
24 43 19.72
24 44 9.00
24 45 9.76
24 46 10.40
24 47 10.98
24 48 11.52
24 49 12.03
24 50 12.52
24 51 13.00
24 52 13.48
24 53 13.94
24 54 14.40
24 55 14.85
24 56 15.30
24 57 15.74
24 58 16.17
24 59 16.58
24 60 16.98
24 61 17.36
24 62 17.68
24 63 17.90
24 64 17.98
24 65 10.06
25 1 18.58
25 2 9.02
25 3 10.40
25 4 11.65
25 5 12.81
25 6 13.89
25 7 14.93
25 8 15.92
25 9 16.88
25 10 17.81
25 11 18.71
25 12 19.59
25 13 20.46
25 14 21.31
25 15 22.14
25 16 22.96
25 17 23.77
25 18 24.57
25 19 25.36
25 20 26.13
25 21 26.90
25 22 27.72
25 23 2.67
25 24 1.25
25 25 0.00
25 26 1.16
25 27 2.25
25 28 3.31
25 29 4.33
25 30 5.33
25 31 6.31
25 32 7.27
25 33 8.23
25 34 9.19
25 35 10.14
25 36 11.09
25 37 12.04
25 38 13.01
25 39 14.00
25 40 15.02
25 41 16.10
25 42 17.32
25 43 18.98
25 44 10.23
25 45 11.01
25 46 11.65
25 47 12.22
25 48 12.73
25 49 13.22
25 50 13.68
25 51 14.13
25 52 14.57
25 53 14.99
25 54 15.41
25 55 15.81
25 56 16.21
25 57 16.59
25 58 16.97
25 59 17.32
25 60 17.66
25 61 17.95
25 62 18.19
25 63 18.29
25 64 18.17
25 65 10.16
26 1 19.27
26 2 9.63
26 3 10.98
26 4 12.22
26 5 13.37
26 6 14.47
26 7 15.52
26 8 16.53
26 9 17.50
26 10 18.45
26 11 19.38
26 12 20.28
26 13 21.17
26 14 22.04
26 15 22.90
26 16 23.74
26 17 24.58
26 18 25.40
26 19 26.22
26 20 27.03
26 21 27.84
26 22 28.72
26 23 3.81
26 24 2.41
26 25 1.16
26 26 0.00
26 27 1.10
26 28 2.16
26 29 3.19
26 30 4.19
26 31 5.18
26 32 6.16
26 33 7.13
26 34 8.10
26 35 9.06
26 36 10.03
26 37 11.01
26 38 12.00
26 39 13.01
26 40 14.06
26 41 15.18
26 42 16.47
26 43 18.24
26 44 11.35
26 45 12.16
26 46 12.81
26 47 13.37
26 48 13.88
26 49 14.36
26 50 14.81
26 51 15.24
26 52 15.65
26 53 16.05
26 54 16.43
26 55 16.80
26 56 17.17
26 57 17.51
26 58 17.84
26 59 18.15
26 60 18.44
26 61 18.67
26 62 18.84
26 63 18.84
26 64 18.56
26 65 10.51
27 1 19.88
27 2 10.22
27 3 11.52
27 4 12.73
27 5 13.89
27 6 14.98
27 7 16.04
27 8 17.06
27 9 18.05
27 10 19.02
27 11 19.96
27 12 20.88
27 13 21.79
27 14 22.68
27 15 23.56
27 16 24.43
27 17 25.29
27 18 26.14
27 19 26.99
27 20 27.83
27 21 28.68
27 22 29.62
27 23 4.88
27 24 3.49
27 25 2.25
27 26 1.10
27 27 0.00
27 28 1.06
27 29 2.09
27 30 3.10
27 31 4.10
27 32 5.09
27 33 6.07
27 34 7.05
27 35 8.02
27 36 9.01
27 37 10.00
27 38 11.01
27 39 12.04
27 40 13.12
27 41 14.28
27 42 15.62
27 43 17.49
27 44 12.40
27 45 13.23
27 46 13.89
27 47 14.47
27 48 14.98
27 49 15.46
27 50 15.90
27 51 16.32
27 52 16.72
27 53 17.10
27 54 17.46
27 55 17.81
27 56 18.15
27 57 18.47
27 58 18.77
27 59 19.04
27 60 19.28
27 61 19.47
27 62 19.58
27 63 19.50
27 64 19.08
27 65 11.04
28 1 20.43
28 2 10.78
28 3 12.03
28 4 13.22
28 5 14.36
28 6 15.46
28 7 16.52
28 8 17.55
28 9 18.55
28 10 19.52
28 11 20.48
28 12 21.42
28 13 22.35
28 14 23.26
28 15 24.16
28 16 25.05
28 17 25.93
28 18 26.80
28 19 27.68
28 20 28.55
28 21 29.44
28 22 30.46
28 23 5.91
28 24 4.54
28 25 3.31
28 26 2.16
28 27 1.06
28 28 0.00
28 29 1.03
28 30 2.05
28 31 3.05
28 32 4.04
28 33 5.03
28 34 6.02
28 35 7.01
28 36 8.00
28 37 9.01
28 38 10.03
28 39 11.09
28 40 12.19
28 41 13.38
28 42 14.77
28 43 16.73
28 44 13.38
28 45 14.24
28 46 14.93
28 47 15.52
28 48 16.04
28 49 16.52
28 50 16.96
28 51 17.37
28 52 17.77
28 53 18.14
28 54 18.49
28 55 18.83
28 56 19.15
28 57 19.44
28 58 19.72
28 59 19.97
28 60 20.18
28 61 20.33
28 62 20.39
28 63 20.24
28 64 19.71
28 65 11.70
29 1 20.93
29 2 11.33
29 3 12.52
29 4 13.68
29 5 14.81
29 6 15.90
29 7 16.96
29 8 17.99
29 9 19.00
29 10 19.99
29 11 20.96
29 12 21.91
29 13 22.85
29 14 23.78
29 15 24.70
29 16 25.61
29 17 26.51
29 18 27.41
29 19 28.31
29 20 29.22
29 21 30.15
29 22 31.23
29 23 6.91
29 24 5.55
29 25 4.33
29 26 3.19
29 27 2.09
29 28 1.03
29 29 0.00
29 30 1.02
29 31 2.02
29 32 3.02
29 33 4.01
29 34 5.00
29 35 6.00
29 36 7.00
29 37 8.02
29 38 9.06
29 39 10.14
29 40 11.26
29 41 12.48
29 42 13.91
29 43 15.97
29 44 14.32
29 45 15.21
29 46 15.92
29 47 16.53
29 48 17.06
29 49 17.55
29 50 17.99
29 51 18.41
29 52 18.80
29 53 19.17
29 54 19.51
29 55 19.84
29 56 20.15
29 57 20.43
29 58 20.69
29 59 20.92
29 60 21.10
29 61 21.23
29 62 21.25
29 63 21.05
29 64 20.42
29 65 12.46
30 1 21.39
30 2 11.87
30 3 13.00
30 4 14.13
30 5 15.24
30 6 16.32
30 7 17.37
30 8 18.41
30 9 19.42
30 10 20.42
30 11 21.40
30 12 22.36
30 13 23.32
30 14 24.26
30 15 25.19
30 16 26.12
30 17 27.05
30 18 27.97
30 19 28.89
30 20 29.83
30 21 30.81
30 22 31.95
30 23 7.87
30 24 6.53
30 25 5.33
30 26 4.19
30 27 3.10
30 28 2.05
30 29 1.02
30 30 0.00
30 31 1.01
30 32 2.00
30 33 3.00
30 34 4.00
30 35 5.00
30 36 6.02
30 37 7.04
30 38 8.10
30 39 9.19
30 40 10.33
30 41 11.57
30 42 13.06
30 43 15.19
30 44 15.22
30 45 16.14
30 46 16.88
30 47 17.50
30 48 18.05
30 49 18.55
30 50 19.00
30 51 19.42
30 52 19.81
30 53 20.18
30 54 20.53
30 55 20.85
30 56 21.15
30 57 21.43
30 58 21.67
30 59 21.89
30 60 22.05
30 61 22.16
30 62 22.15
30 63 21.91
30 64 21.19
30 65 13.29
31 1 21.82
31 2 12.40
31 3 13.48
31 4 14.57
31 5 15.65
31 6 16.72
31 7 17.77
31 8 18.80
31 9 19.81
31 10 20.82
31 11 21.80
31 12 22.78
31 13 23.74
31 14 24.70
31 15 25.65
31 16 26.60
31 17 27.54
31 18 28.48
31 19 29.43
31 20 30.40
31 21 31.42
31 22 32.62
31 23 8.82
31 24 7.50
31 25 6.31
31 26 5.18
31 27 4.10
31 28 3.05
31 29 2.02
31 30 1.01
31 31 0.00
31 32 1.00
31 33 2.00
31 34 3.00
31 35 4.01
31 36 5.03
31 37 6.07
31 38 7.13
31 39 8.23
31 40 9.39
31 41 10.67
31 42 12.19
31 43 14.40
31 44 16.09
31 45 17.05
31 46 17.81
31 47 18.45
31 48 19.01
31 49 19.52
31 50 19.99
31 51 20.42
31 52 20.81
31 53 21.19
31 54 21.53
31 55 21.86
31 56 22.15
31 57 22.42
31 58 22.66
31 59 22.87
31 60 23.02
31 61 23.11
31 62 23.08
31 63 22.80
31 64 22.02
31 65 14.17
32 1 22.23
32 2 12.93
32 3 13.94
32 4 14.99
32 5 16.05
32 6 17.10
32 7 18.14
32 8 19.17
32 9 20.18
32 10 21.19
32 11 22.18
32 12 23.16
32 13 24.14
32 14 25.11
32 15 26.07
32 16 27.03
32 17 28.00
32 18 28.96
32 19 29.93
32 20 30.93
32 21 31.99
32 22 33.26
32 23 9.75
32 24 8.45
32 25 7.27
32 26 6.16
32 27 5.09
32 28 4.04
32 29 3.02
32 30 2.00
32 31 1.00
32 32 0.00
32 33 1.00
32 34 2.01
32 35 3.02
32 36 4.04
32 37 5.09
32 38 6.16
32 39 7.27
32 40 8.45
32 41 9.75
32 42 11.31
32 43 13.60
32 44 16.94
32 45 17.93
32 46 18.71
32 47 19.37
32 48 19.96
32 49 20.48
32 50 20.96
32 51 21.40
32 52 21.80
32 53 22.18
32 54 22.53
32 55 22.86
32 56 23.15
32 57 23.42
32 58 23.66
32 59 23.86
32 60 24.00
32 61 24.08
32 62 24.03
32 63 23.73
32 64 22.89
32 65 15.09
33 1 22.60
33 2 13.46
33 3 14.40
33 4 15.40
33 5 16.43
33 6 17.46
33 7 18.49
33 8 19.51
33 9 20.53
33 10 21.53
33 11 22.53
33 12 23.52
33 13 24.51
33 14 25.49
33 15 26.46
33 16 27.44
33 17 28.42
33 18 29.40
33 19 30.40
33 20 31.42
33 21 32.52
33 22 33.85
33 23 10.66
33 24 9.40
33 25 8.23
33 26 7.13
33 27 6.07
33 28 5.03
33 29 4.01
33 30 3.00
33 31 2.00
33 32 1.00
33 33 0.00
33 34 1.01
33 35 2.02
33 36 3.05
33 37 4.10
33 38 5.18
33 39 6.31
33 40 7.50
33 41 8.82
33 42 10.42
33 43 12.78
33 44 17.77
33 45 18.79
33 46 19.59
33 47 20.28
33 48 20.88
33 49 21.42
33 50 21.91
33 51 22.36
33 52 22.78
33 53 23.16
33 54 23.52
33 55 23.85
33 56 24.15
33 57 24.42
33 58 24.66
33 59 24.85
33 60 25.00
33 61 25.06
33 62 25.01
33 63 24.68
33 64 23.81
33 65 16.04
34 1 22.95
34 2 13.98
34 3 14.85
34 4 15.81
34 5 16.80
34 6 17.81
34 7 18.83
34 8 19.84
34 9 20.85
34 10 21.86
34 11 22.86
34 12 23.85
34 13 24.84
34 14 25.83
34 15 26.82
34 16 27.81
34 17 28.80
34 18 29.81
34 19 30.83
34 20 31.88
34 21 33.02
34 22 34.42
34 23 11.57
34 24 10.33
34 25 9.19
34 26 8.10
34 27 7.05
34 28 6.02
34 29 5.00
34 30 4.00
34 31 3.00
34 32 2.01
34 33 1.01
34 34 0.00
34 35 1.02
34 36 2.05
34 37 3.10
34 38 4.19
34 39 5.33
34 40 6.53
34 41 7.87
34 42 9.51
34 43 11.95
34 44 18.58
34 45 19.62
34 46 20.46
34 47 21.17
34 48 21.79
34 49 22.35
34 50 22.85
34 51 23.32
34 52 23.74
34 53 24.14
34 54 24.51
34 55 24.84
34 56 25.15
34 57 25.42
34 58 25.66
34 59 25.86
34 60 26.00
34 61 26.07
34 62 26.00
34 63 25.66
34 64 24.76
34 65 17.03
35 1 23.27
35 2 14.50
35 3 15.30
35 4 16.21
35 5 17.17
35 6 18.15
35 7 19.15
35 8 20.15
35 9 21.15
35 10 22.15
35 11 23.15
35 12 24.15
35 13 25.15
35 14 26.15
35 15 27.15
35 16 28.15
35 17 29.16
35 18 30.18
35 19 31.22
35 20 32.30
35 21 33.48
35 22 34.94
35 23 12.48
35 24 11.26
35 25 10.14
35 26 9.06
35 27 8.02
35 28 7.01
35 29 6.00
35 30 5.00
35 31 4.01
35 32 3.02
35 33 2.02
35 34 1.02
35 35 0.00
35 36 1.03
35 37 2.09
35 38 3.18
35 39 4.33
35 40 5.55
35 41 6.91
35 42 8.58
35 43 11.09
35 44 19.37
35 45 20.45
35 46 21.31
35 47 22.04
35 48 22.68
35 49 23.26
35 50 23.78
35 51 24.26
35 52 24.70
35 53 25.11
35 54 25.49
35 55 25.83
35 56 26.15
35 57 26.43
35 58 26.67
35 59 26.87
35 60 27.02
35 61 27.08
35 62 27.02
35 63 26.67
35 64 25.74
35 65 18.03
36 1 23.56
36 2 15.01
36 3 15.74
36 4 16.59
36 5 17.51
36 6 18.47
36 7 19.45
36 8 20.43
36 9 21.43
36 10 22.42
36 11 23.42
36 12 24.42
36 13 25.43
36 14 26.43
36 15 27.44
36 16 28.45
36 17 29.47
36 18 30.51
36 19 31.58
36 20 32.68
36 21 33.90
36 22 35.43
36 23 13.38
36 24 12.19
36 25 11.09
36 26 10.03
36 27 9.01
36 28 8.00
36 29 7.00
36 30 6.02
36 31 5.03
36 32 4.04
36 33 3.05
36 34 2.05
36 35 1.03
36 36 0.00
36 37 1.06
36 38 2.16
36 39 3.31
36 40 4.54
36 41 5.91
36 42 7.62
36 43 10.20
36 44 20.15
36 45 21.26
36 46 22.14
36 47 22.90
36 48 23.56
36 49 24.16
36 50 24.70
36 51 25.19
36 52 25.65
36 53 26.07
36 54 26.46
36 55 26.82
36 56 27.15
36 57 27.44
36 58 27.69
36 59 27.90
36 60 28.05
36 61 28.11
36 62 28.05
36 63 27.70
36 64 26.76
36 65 19.07
37 1 23.83
37 2 15.51
37 3 16.17
37 4 16.97
37 5 17.84
37 6 18.77
37 7 19.72
37 8 20.69
37 9 21.67
37 10 22.66
37 11 23.66
37 12 24.66
37 13 25.66
37 14 26.67
37 15 27.69
37 16 28.71
37 17 29.75
37 18 30.81
37 19 31.89
37 20 33.03
37 21 34.28
37 22 35.88
37 23 14.28
37 24 13.12
37 25 12.04
37 26 11.01
37 27 10.00
37 28 9.01
37 29 8.02
37 30 7.04
37 31 6.07
37 32 5.09
37 33 4.10
37 34 3.10
37 35 2.09
37 36 1.06
37 37 0.00
37 38 1.10
37 39 2.25
37 40 3.49
37 41 4.88
37 42 6.63
37 43 9.27
37 44 20.91
37 45 22.05
37 46 22.96
37 47 23.74
37 48 24.43
37 49 25.05
37 50 25.61
37 51 26.12
37 52 26.60
37 53 27.03
37 54 27.44
37 55 27.81
37 56 28.15
37 57 28.45
37 58 28.71
37 59 28.93
37 60 29.09
37 61 29.16
37 62 29.11
37 63 28.76
37 64 27.82
37 65 20.12
38 1 24.05
38 2 16.01
38 3 16.58
38 4 17.32
38 5 18.15
38 6 19.04
38 7 19.97
38 8 20.92
38 9 21.89
38 10 22.87
38 11 23.86
38 12 24.85
38 13 25.86
38 14 26.87
38 15 27.90
38 16 28.93
38 17 29.98
38 18 31.05
38 19 32.16
38 20 33.32
38 21 34.62
38 22 36.29
38 23 15.18
38 24 14.06
38 25 13.01
38 26 12.00
38 27 11.01
38 28 10.03
38 29 9.06
38 30 8.10
38 31 7.13
38 32 6.16
38 33 5.18
38 34 4.19
38 35 3.18
38 36 2.16
38 37 1.10
38 38 0.00
38 39 1.16
38 40 2.41
38 41 3.81
38 42 5.58
38 43 8.28
38 44 21.67
38 45 22.83
38 46 23.77
38 47 24.58
38 48 25.29
38 49 25.93
38 50 26.51
38 51 27.05
38 52 27.54
38 53 27.99
38 54 28.42
38 55 28.80
38 56 29.16
38 57 29.47
38 58 29.75
38 59 29.98
38 60 30.15
38 61 30.24
38 62 30.19
38 63 29.85
38 64 28.92
38 65 21.22
39 1 24.22
39 2 16.49
39 3 16.98
39 4 17.66
39 5 18.44
39 6 19.28
39 7 20.18
39 8 21.10
39 9 22.05
39 10 23.02
39 11 24.00
39 12 25.00
39 13 26.00
39 14 27.02
39 15 28.05
39 16 29.09
39 17 30.15
39 18 31.24
39 19 32.36
39 20 33.55
39 21 34.89
39 22 36.64
39 23 16.10
39 24 15.02
39 25 14.00
39 26 13.01
39 27 12.04
39 28 11.09
39 29 10.14
39 30 9.19
39 31 8.23
39 32 7.27
39 33 6.31
39 34 5.33
39 35 4.33
39 36 3.31
39 37 2.25
39 38 1.16
39 39 0.00
39 40 1.25
39 41 2.67
39 42 4.47
39 43 7.23
39 44 22.40
39 45 23.60
39 46 24.57
39 47 25.40
39 48 26.14
39 49 26.80
39 50 27.41
39 51 27.97
39 52 28.48
39 53 28.96
39 54 29.40
39 55 29.81
39 56 30.18
39 57 30.51
39 58 30.81
39 59 31.05
39 60 31.24
39 61 31.34
39 62 31.31
39 63 30.99
39 64 30.07
39 65 22.35
40 1 24.32
40 2 16.96
40 3 17.36
40 4 17.95
40 5 18.67
40 6 19.48
40 7 20.33
40 8 21.23
40 9 22.16
40 10 23.11
40 11 24.08
40 12 25.06
40 13 26.07
40 14 27.08
40 15 28.11
40 16 29.16
40 17 30.24
40 18 31.34
40 19 32.48
40 20 33.70
40 21 35.09
40 22 36.91
40 23 17.03
40 24 16.00
40 25 15.02
40 26 14.06
40 27 13.12
40 28 12.19
40 29 11.26
40 30 10.33
40 31 9.39
40 32 8.45
40 33 7.50
40 34 6.53
40 35 5.55
40 36 4.54
40 37 3.49
40 38 2.41
40 39 1.25
40 40 0.00
40 41 1.42
40 42 3.24
40 43 6.06
40 44 23.13
40 45 24.36
40 46 25.36
40 47 26.22
40 48 26.99
40 49 27.68
40 50 28.31
40 51 28.89
40 52 29.43
40 53 29.93
40 54 30.40
40 55 30.83
40 56 31.22
40 57 31.58
40 58 31.89
40 59 32.16
40 60 32.36
40 61 32.48
40 62 32.48
40 63 32.18
40 64 31.29
40 65 23.54
41 1 24.31
41 2 17.40
41 3 17.68
41 4 18.19
41 5 18.84
41 6 19.58
41 7 20.39
41 8 21.25
41 9 22.15
41 10 23.08
41 11 24.03
41 12 25.01
41 13 26.00
41 14 27.02
41 15 28.05
41 16 29.11
41 17 30.19
41 18 31.31
41 19 32.48
41 20 33.73
41 21 35.16
41 22 37.07
41 23 18.00
41 24 17.03
41 25 16.10
41 26 15.18
41 27 14.28
41 28 13.38
41 29 12.48
41 30 11.57
41 31 10.67
41 32 9.75
41 33 8.82
41 34 7.87
41 35 6.91
41 36 5.91
41 37 4.88
41 38 3.81
41 39 2.67
41 40 1.42
41 41 0.00
41 42 1.84
41 43 4.70
41 44 23.84
41 45 25.10
41 46 26.13
41 47 27.03
41 48 27.83
41 49 28.55
41 50 29.22
41 51 29.83
41 52 30.40
41 53 30.93
41 54 31.42
41 55 31.88
41 56 32.30
41 57 32.68
41 58 33.03
41 59 33.32
41 60 33.55
41 61 33.70
41 62 33.73
41 63 33.46
41 64 32.62
41 65 24.83
42 1 24.04
42 2 17.76
42 3 17.90
42 4 18.29
42 5 18.84
42 6 19.50
42 7 20.24
42 8 21.05
42 9 21.91
42 10 22.80
42 11 23.73
42 12 24.68
42 13 25.66
42 14 26.67
42 15 27.70
42 16 28.76
42 17 29.86
42 18 30.99
42 19 32.18
42 20 33.46
42 21 34.96
42 22 36.97
42 23 19.06
42 24 18.18
42 25 17.32
42 26 16.47
42 27 15.62
42 28 14.77
42 29 13.91
42 30 13.06
42 31 12.19
42 32 11.31
42 33 10.42
42 34 9.51
42 35 8.58
42 36 7.62
42 37 6.63
42 38 5.58
42 39 4.47
42 40 3.24
42 41 1.84
42 42 0.00
42 43 2.89
42 44 24.51
42 45 25.82
42 46 26.90
42 47 27.84
42 48 28.68
42 49 29.44
42 50 30.15
42 51 30.81
42 52 31.42
42 53 31.99
42 54 32.52
42 55 33.02
42 56 33.48
42 57 33.90
42 58 34.28
42 59 34.62
42 60 34.89
42 61 35.09
42 62 35.16
42 63 34.96
42 64 34.20
42 65 26.35
43 1 23.26
43 2 18.06
43 3 17.98
43 4 18.17
43 5 18.56
43 6 19.08
43 7 19.71
43 8 20.41
43 9 21.19
43 10 22.02
43 11 22.89
43 12 23.81
43 13 24.76
43 14 25.74
43 15 26.76
43 16 27.82
43 17 28.92
43 18 30.07
43 19 31.29
43 20 32.62
43 21 34.20
43 22 36.37
43 23 20.45
43 24 19.72
43 25 18.98
43 26 18.24
43 27 17.49
43 28 16.73
43 29 15.97
43 30 15.19
43 31 14.40
43 32 13.60
43 33 12.78
43 34 11.95
43 35 11.09
43 36 10.20
43 37 9.27
43 38 8.28
43 39 7.23
43 40 6.06
43 41 4.70
43 42 2.89
43 43 0.00
43 44 25.22
43 45 26.58
43 46 27.72
43 47 28.72
43 48 29.63
43 49 30.46
43 50 31.23
43 51 31.95
43 52 32.62
43 53 33.26
43 54 33.86
43 55 34.42
43 56 34.94
43 57 35.43
43 58 35.88
43 59 36.29
43 60 36.64
43 61 36.91
43 62 37.07
43 63 36.97
43 64 36.37
43 65 28.42
44 1 12.52
44 2 7.57
44 3 8.35
44 4 9.02
44 5 9.63
44 6 10.22
44 7 10.78
44 8 11.33
44 9 11.87
44 10 12.41
44 11 12.93
44 12 13.46
44 13 13.98
44 14 14.50
44 15 15.01
44 16 15.51
44 17 16.01
44 18 16.50
44 19 16.96
44 20 17.40
44 21 17.76
44 22 18.06
44 23 7.57
44 24 9.00
44 25 10.23
44 26 11.35
44 27 12.40
44 28 13.38
44 29 14.32
44 30 15.22
44 31 16.09
44 32 16.94
44 33 17.77
44 34 18.58
44 35 19.37
44 36 20.15
44 37 20.91
44 38 21.67
44 39 22.40
44 40 23.13
44 41 23.84
44 42 24.51
44 43 25.22
44 44 0.00
44 45 1.42
44 46 2.67
44 47 3.81
44 48 4.88
44 49 5.91
44 50 6.91
44 51 7.87
44 52 8.82
44 53 9.75
44 54 10.67
44 55 11.57
44 56 12.48
44 57 13.38
44 58 14.28
44 59 15.18
44 60 16.10
44 61 17.03
44 62 18.00
44 63 19.06
44 64 20.45
44 65 14.49
45 1 13.50
45 2 9.00
45 3 9.76
45 4 10.40
45 5 10.98
45 6 11.52
45 7 12.03
45 8 12.52
45 9 13.00
45 10 13.48
45 11 13.94
45 12 14.40
45 13 14.85
45 14 15.30
45 15 15.74
45 16 16.17
45 17 16.58
45 18 16.98
45 19 17.36
45 20 17.68
45 21 17.90
45 22 17.98
45 23 8.35
45 24 9.76
45 25 11.01
45 26 12.16
45 27 13.23
45 28 14.24
45 29 15.21
45 30 16.14
45 31 17.05
45 32 17.93
45 33 18.79
45 34 19.62
45 35 20.45
45 36 21.26
45 37 22.05
45 38 22.83
45 39 23.60
45 40 24.36
45 41 25.10
45 42 25.82
45 43 26.58
45 44 1.42
45 45 0.00
45 46 1.25
45 47 2.41
45 48 3.49
45 49 4.54
45 50 5.55
45 51 6.54
45 52 7.50
45 53 8.45
45 54 9.40
45 55 10.33
45 56 11.26
45 57 12.19
45 58 13.12
45 59 14.06
45 60 15.02
45 61 16.00
45 62 17.03
45 63 18.18
45 64 19.72
45 65 14.20
46 1 14.53
46 2 10.23
46 3 11.01
46 4 11.65
46 5 12.22
46 6 12.73
46 7 13.22
46 8 13.68
46 9 14.13
46 10 14.57
46 11 14.99
46 12 15.40
46 13 15.81
46 14 16.21
46 15 16.59
46 16 16.97
46 17 17.32
46 18 17.66
46 19 17.95
46 20 18.19
46 21 18.29
46 22 18.17
46 23 9.02
46 24 10.40
46 25 11.65
46 26 12.81
46 27 13.89
46 28 14.93
46 29 15.92
46 30 16.88
46 31 17.81
46 32 18.71
46 33 19.59
46 34 20.46
46 35 21.31
46 36 22.14
46 37 22.96
46 38 23.77
46 39 24.57
46 40 25.36
46 41 26.13
46 42 26.90
46 43 27.72
46 44 2.67
46 45 1.25
46 46 0.00
46 47 1.16
46 48 2.25
46 49 3.31
46 50 4.33
46 51 5.33
46 52 6.31
46 53 7.27
46 54 8.23
46 55 9.19
46 56 10.14
46 57 11.09
46 58 12.04
46 59 13.01
46 60 14.00
46 61 15.02
46 62 16.10
46 63 17.32
46 64 18.98
46 65 13.87
47 1 15.58
47 2 11.35
47 3 12.16
47 4 12.81
47 5 13.37
47 6 13.89
47 7 14.36
47 8 14.81
47 9 15.24
47 10 15.65
47 11 16.05
47 12 16.43
47 13 16.80
47 14 17.17
47 15 17.51
47 16 17.84
47 17 18.15
47 18 18.44
47 19 18.68
47 20 18.84
47 21 18.84
47 22 18.56
47 23 9.63
47 24 10.98
47 25 12.22
47 26 13.37
47 27 14.47
47 28 15.52
47 29 16.53
47 30 17.50
47 31 18.45
47 32 19.37
47 33 20.28
47 34 21.17
47 35 22.04
47 36 22.90
47 37 23.74
47 38 24.58
47 39 25.40
47 40 26.22
47 41 27.03
47 42 27.84
47 43 28.72
47 44 3.81
47 45 2.41
47 46 1.16
47 47 0.00
47 48 1.10
47 49 2.16
47 50 3.19
47 51 4.19
47 52 5.18
47 53 6.16
47 54 7.13
47 55 8.10
47 56 9.06
47 57 10.03
47 58 11.01
47 59 12.00
47 60 13.01
47 61 14.06
47 62 15.18
47 63 16.47
47 64 18.24
47 65 13.54
48 1 16.62
48 2 12.40
48 3 13.23
48 4 13.89
48 5 14.47
48 6 14.98
48 7 15.46
48 8 15.90
48 9 16.32
48 10 16.72
48 11 17.10
48 12 17.46
48 13 17.81
48 14 18.15
48 15 18.47
48 16 18.77
48 17 19.04
48 18 19.28
48 19 19.48
48 20 19.58
48 21 19.50
48 22 19.08
48 23 10.22
48 24 11.52
48 25 12.73
48 26 13.88
48 27 14.98
48 28 16.04
48 29 17.06
48 30 18.05
48 31 19.01
48 32 19.96
48 33 20.88
48 34 21.79
48 35 22.68
48 36 23.56
48 37 24.43
48 38 25.29
48 39 26.14
48 40 26.99
48 41 27.83
48 42 28.68
48 43 29.63
48 44 4.88
48 45 3.49
48 46 2.25
48 47 1.10
48 48 0.00
48 49 1.06
48 50 2.09
48 51 3.10
48 52 4.10
48 53 5.09
48 54 6.07
48 55 7.05
48 56 8.02
48 57 9.01
48 58 10.00
48 59 11.01
48 60 12.05
48 61 13.12
48 62 14.28
48 63 15.62
48 64 17.49
48 65 13.20
49 1 17.66
49 2 13.38
49 3 14.24
49 4 14.93
49 5 15.52
49 6 16.04
49 7 16.52
49 8 16.96
49 9 17.37
49 10 17.77
49 11 18.14
49 12 18.49
49 13 18.83
49 14 19.15
49 15 19.44
49 16 19.72
49 17 19.97
49 18 20.18
49 19 20.33
49 20 20.39
49 21 20.24
49 22 19.71
49 23 10.78
49 24 12.03
49 25 13.22
49 26 14.36
49 27 15.46
49 28 16.52
49 29 17.55
49 30 18.55
49 31 19.52
49 32 20.48
49 33 21.42
49 34 22.35
49 35 23.26
49 36 24.16
49 37 25.05
49 38 25.93
49 39 26.80
49 40 27.68
49 41 28.55
49 42 29.44
49 43 30.46
49 44 5.91
49 45 4.54
49 46 3.31
49 47 2.16
49 48 1.06
49 49 0.00
49 50 1.03
49 51 2.05
49 52 3.05
49 53 4.04
49 54 5.03
49 55 6.02
49 56 7.01
49 57 8.00
49 58 9.01
49 59 10.03
49 60 11.09
49 61 12.19
49 62 13.38
49 63 14.77
49 64 16.73
49 65 12.86
50 1 18.68
50 2 14.32
50 3 15.21
50 4 15.92
50 5 16.53
50 6 17.06
50 7 17.55
50 8 17.99
50 9 18.41
50 10 18.80
50 11 19.17
50 12 19.51
50 13 19.84
50 14 20.15
50 15 20.43
50 16 20.69
50 17 20.92
50 18 21.10
50 19 21.23
50 20 21.25
50 21 21.05
50 22 20.41
50 23 11.33
50 24 12.52
50 25 13.68
50 26 14.81
50 27 15.90
50 28 16.96
50 29 17.99
50 30 19.00
50 31 19.99
50 32 20.96
50 33 21.91
50 34 22.85
50 35 23.78
50 36 24.70
50 37 25.61
50 38 26.51
50 39 27.41
50 40 28.31
50 41 29.22
50 42 30.15
50 43 31.23
50 44 6.91
50 45 5.55
50 46 4.33
50 47 3.19
50 48 2.09
50 49 1.03
50 50 0.00
50 51 1.02
50 52 2.02
50 53 3.02
50 54 4.01
50 55 5.00
50 56 6.00
50 57 7.00
50 58 8.02
50 59 9.06
50 60 10.14
50 61 11.26
50 62 12.48
50 63 13.91
50 64 15.97
50 65 12.52
51 1 19.70
51 2 15.22
51 3 16.15
51 4 16.88
51 5 17.50
51 6 18.05
51 7 18.55
51 8 19.00
51 9 19.42
51 10 19.82
51 11 20.18
51 12 20.53
51 13 20.85
51 14 21.15
51 15 21.43
51 16 21.67
51 17 21.89
51 18 22.05
51 19 22.16
51 20 22.15
51 21 21.91
51 22 21.19
51 23 11.87
51 24 13.00
51 25 14.13
51 26 15.24
51 27 16.32
51 28 17.37
51 29 18.41
51 30 19.42
51 31 20.42
51 32 21.40
51 33 22.36
51 34 23.32
51 35 24.26
51 36 25.19
51 37 26.12
51 38 27.05
51 39 27.97
51 40 28.89
51 41 29.83
51 42 30.81
51 43 31.95
51 44 7.87
51 45 6.54
51 46 5.33
51 47 4.19
51 48 3.10
51 49 2.05
51 50 1.02
51 51 0.00
51 52 1.01
51 53 2.00
51 54 3.00
51 55 4.00
51 56 5.00
51 57 6.02
51 58 7.04
51 59 8.10
51 60 9.19
51 61 10.33
51 62 11.57
51 63 13.06
51 64 15.19
51 65 12.20
52 1 20.70
52 2 16.09
52 3 17.05
52 4 17.81
52 5 18.45
52 6 19.02
52 7 19.52
52 8 19.99
52 9 20.42
52 10 20.82
52 11 21.19
52 12 21.53
52 13 21.86
52 14 22.15
52 15 22.42
52 16 22.66
52 17 22.87
52 18 23.02
52 19 23.11
52 20 23.08
52 21 22.80
52 22 22.02
52 23 12.40
52 24 13.48
52 25 14.57
52 26 15.65
52 27 16.72
52 28 17.77
52 29 18.80
52 30 19.81
52 31 20.81
52 32 21.80
52 33 22.78
52 34 23.74
52 35 24.70
52 36 25.65
52 37 26.60
52 38 27.54
52 39 28.48
52 40 29.43
52 41 30.40
52 42 31.42
52 43 32.62
52 44 8.82
52 45 7.50
52 46 6.31
52 47 5.18
52 48 4.10
52 49 3.05
52 50 2.02
52 51 1.01
52 52 0.00
52 53 1.00
52 54 2.00
52 55 3.00
52 56 4.01
52 57 5.03
52 58 6.07
52 59 7.13
52 60 8.23
52 61 9.40
52 62 10.66
52 63 12.19
52 64 14.40
52 65 11.87
53 1 21.70
53 2 16.94
53 3 17.93
53 4 18.71
53 5 19.38
53 6 19.96
53 7 20.48
53 8 20.96
53 9 21.40
53 10 21.80
53 11 22.18
53 12 22.53
53 13 22.86
53 14 23.15
53 15 23.42
53 16 23.66
53 17 23.86
53 18 24.00
53 19 24.08
53 20 24.03
53 21 23.73
53 22 22.89
53 23 12.93
53 24 13.94
53 25 14.99
53 26 16.05
53 27 17.10
53 28 18.14
53 29 19.17
53 30 20.18
53 31 21.19
53 32 22.18
53 33 23.16
53 34 24.14
53 35 25.11
53 36 26.07
53 37 27.03
53 38 27.99
53 39 28.96
53 40 29.93
53 41 30.93
53 42 31.99
53 43 33.26
53 44 9.75
53 45 8.45
53 46 7.27
53 47 6.16
53 48 5.09
53 49 4.04
53 50 3.02
53 51 2.00
53 52 1.00
53 53 0.00
53 54 1.00
53 55 2.01
53 56 3.02
53 57 4.04
53 58 5.09
53 59 6.16
53 60 7.27
53 61 8.45
53 62 9.75
53 63 11.31
53 64 13.60
53 65 11.56
54 1 22.69
54 2 17.77
54 3 18.79
54 4 19.60
54 5 20.28
54 6 20.88
54 7 21.42
54 8 21.91
54 9 22.36
54 10 22.78
54 11 23.17
54 12 23.52
54 13 23.85
54 14 24.15
54 15 24.42
54 16 24.66
54 17 24.86
54 18 25.00
54 19 25.06
54 20 25.01
54 21 24.68
54 22 23.81
54 23 13.46
54 24 14.40
54 25 15.41
54 26 16.43
54 27 17.46
54 28 18.49
54 29 19.51
54 30 20.53
54 31 21.53
54 32 22.53
54 33 23.52
54 34 24.51
54 35 25.49
54 36 26.46
54 37 27.44
54 38 28.42
54 39 29.40
54 40 30.40
54 41 31.42
54 42 32.52
54 43 33.86
54 44 10.67
54 45 9.40
54 46 8.23
54 47 7.13
54 48 6.07
54 49 5.03
54 50 4.01
54 51 3.00
54 52 2.00
54 53 1.00
54 54 0.00
54 55 1.01
54 56 2.02
54 57 3.05
54 58 4.10
54 59 5.18
54 60 6.31
54 61 7.50
54 62 8.82
54 63 10.42
54 64 12.78
54 65 11.26
55 1 23.67
55 2 18.58
55 3 19.63
55 4 20.46
55 5 21.17
55 6 21.79
55 7 22.35
55 8 22.85
55 9 23.32
55 10 23.75
55 11 24.14
55 12 24.51
55 13 24.84
55 14 25.15
55 15 25.43
55 16 25.66
55 17 25.86
55 18 26.00
55 19 26.07
55 20 26.00
55 21 25.66
55 22 24.76
55 23 13.98
55 24 14.85
55 25 15.81
55 26 16.80
55 27 17.81
55 28 18.83
55 29 19.84
55 30 20.85
55 31 21.86
55 32 22.86
55 33 23.85
55 34 24.84
55 35 25.83
55 36 26.82
55 37 27.81
55 38 28.80
55 39 29.81
55 40 30.83
55 41 31.88
55 42 33.02
55 43 34.42
55 44 11.57
55 45 10.33
55 46 9.19
55 47 8.10
55 48 7.05
55 49 6.02
55 50 5.00
55 51 4.00
55 52 3.00
55 53 2.01
55 54 1.01
55 55 0.00
55 56 1.02
55 57 2.05
55 58 3.10
55 59 4.19
55 60 5.33
55 61 6.53
55 62 7.87
55 63 9.51
55 64 11.95
55 65 10.98
56 1 24.64
56 2 19.37
56 3 20.45
56 4 21.31
56 5 22.04
56 6 22.68
56 7 23.26
56 8 23.78
56 9 24.26
56 10 24.70
56 11 25.11
56 12 25.49
56 13 25.83
56 14 26.15
56 15 26.43
56 16 26.67
56 17 26.87
56 18 27.02
56 19 27.08
56 20 27.02
56 21 26.67
56 22 25.74
56 23 14.50
56 24 15.30
56 25 16.21
56 26 17.17
56 27 18.15
56 28 19.15
56 29 20.15
56 30 21.15
56 31 22.15
56 32 23.15
56 33 24.15
56 34 25.15
56 35 26.15
56 36 27.15
56 37 28.15
56 38 29.16
56 39 30.18
56 40 31.22
56 41 32.30
56 42 33.48
56 43 34.94
56 44 12.48
56 45 11.26
56 46 10.14
56 47 9.06
56 48 8.02
56 49 7.01
56 50 6.00
56 51 5.00
56 52 4.01
56 53 3.02
56 54 2.02
56 55 1.02
56 56 0.00
56 57 1.03
56 58 2.09
56 59 3.19
56 60 4.33
56 61 5.55
56 62 6.91
56 63 8.58
56 64 11.09
56 65 10.70
57 1 25.61
57 2 20.15
57 3 21.26
57 4 22.14
57 5 22.90
57 6 23.56
57 7 24.16
57 8 24.70
57 9 25.19
57 10 25.65
57 11 26.07
57 12 26.46
57 13 26.82
57 14 27.15
57 15 27.44
57 16 27.69
57 17 27.90
57 18 28.05
57 19 28.11
57 20 28.05
57 21 27.70
57 22 26.76
57 23 15.01
57 24 15.74
57 25 16.59
57 26 17.51
57 27 18.47
57 28 19.44
57 29 20.43
57 30 21.43
57 31 22.42
57 32 23.42
57 33 24.42
57 34 25.42
57 35 26.43
57 36 27.44
57 37 28.45
57 38 29.47
57 39 30.51
57 40 31.58
57 41 32.68
57 42 33.90
57 43 35.43
57 44 13.38
57 45 12.19
57 46 11.09
57 47 10.03
57 48 9.01
57 49 8.00
57 50 7.00
57 51 6.02
57 52 5.03
57 53 4.04
57 54 3.05
57 55 2.05
57 56 1.03
57 57 0.00
57 58 1.06
57 59 2.16
57 60 3.31
57 61 4.54
57 62 5.91
57 63 7.62
57 64 10.20
57 65 10.43
58 1 26.57
58 2 20.91
58 3 22.05
58 4 22.96
58 5 23.74
58 6 24.43
58 7 25.05
58 8 25.61
58 9 26.12
58 10 26.60
58 11 27.03
58 12 27.44
58 13 27.81
58 14 28.15
58 15 28.45
58 16 28.71
58 17 28.93
58 18 29.09
58 19 29.16
58 20 29.11
58 21 28.76
58 22 27.82
58 23 15.51
58 24 16.17
58 25 16.97
58 26 17.84
58 27 18.77
58 28 19.72
58 29 20.69
58 30 21.67
58 31 22.66
58 32 23.66
58 33 24.66
58 34 25.66
58 35 26.67
58 36 27.69
58 37 28.71
58 38 29.75
58 39 30.81
58 40 31.89
58 41 33.03
58 42 34.28
58 43 35.88
58 44 14.28
58 45 13.12
58 46 12.04
58 47 11.01
58 48 10.00
58 49 9.01
58 50 8.02
58 51 7.04
58 52 6.07
58 53 5.09
58 54 4.10
58 55 3.10
58 56 2.09
58 57 1.06
58 58 0.00
58 59 1.10
58 60 2.25
58 61 3.49
58 62 4.88
58 63 6.62
58 64 9.27
58 65 10.18
59 1 27.54
59 2 21.66
59 3 22.83
59 4 23.77
59 5 24.58
59 6 25.29
59 7 25.93
59 8 26.51
59 9 27.05
59 10 27.54
59 11 28.00
59 12 28.42
59 13 28.80
59 14 29.16
59 15 29.47
59 16 29.75
59 17 29.98
59 18 30.15
59 19 30.24
59 20 30.19
59 21 29.85
59 22 28.92
59 23 16.01
59 24 16.58
59 25 17.32
59 26 18.15
59 27 19.04
59 28 19.97
59 29 20.92
59 30 21.89
59 31 22.87
59 32 23.86
59 33 24.85
59 34 25.86
59 35 26.87
59 36 27.90
59 37 28.93
59 38 29.98
59 39 31.05
59 40 32.16
59 41 33.32
59 42 34.62
59 43 36.29
59 44 15.18
59 45 14.06
59 46 13.01
59 47 12.00
59 48 11.01
59 49 10.03
59 50 9.06
59 51 8.10
59 52 7.13
59 53 6.16
59 54 5.18
59 55 4.19
59 56 3.19
59 57 2.16
59 58 1.10
59 59 0.00
59 60 1.16
59 61 2.41
59 62 3.81
59 63 5.58
59 64 8.28
59 65 9.93
60 1 28.52
60 2 22.40
60 3 23.60
60 4 24.57
60 5 25.40
60 6 26.14
60 7 26.80
60 8 27.41
60 9 27.97
60 10 28.48
60 11 28.96
60 12 29.40
60 13 29.81
60 14 30.18
60 15 30.51
60 16 30.81
60 17 31.05
60 18 31.24
60 19 31.34
60 20 31.31
60 21 30.99
60 22 30.07
60 23 16.49
60 24 16.98
60 25 17.66
60 26 18.44
60 27 19.28
60 28 20.18
60 29 21.10
60 30 22.05
60 31 23.02
60 32 24.00
60 33 25.00
60 34 26.00
60 35 27.02
60 36 28.05
60 37 29.09
60 38 30.15
60 39 31.24
60 40 32.36
60 41 33.55
60 42 34.89
60 43 36.64
60 44 16.10
60 45 15.02
60 46 14.00
60 47 13.01
60 48 12.05
60 49 11.09
60 50 10.14
60 51 9.19
60 52 8.23
60 53 7.27
60 54 6.31
60 55 5.33
60 56 4.33
60 57 3.31
60 58 2.25
60 59 1.16
60 60 0.00
60 61 1.25
60 62 2.67
60 63 4.46
60 64 7.23
60 65 9.68
61 1 29.50
61 2 23.13
61 3 24.36
61 4 25.36
61 5 26.22
61 6 26.99
61 7 27.68
61 8 28.31
61 9 28.89
61 10 29.43
61 11 29.93
61 12 30.40
61 13 30.83
61 14 31.22
61 15 31.58
61 16 31.89
61 17 32.16
61 18 32.36
61 19 32.48
61 20 32.48
61 21 32.18
61 22 31.29
61 23 16.96
61 24 17.36
61 25 17.95
61 26 18.67
61 27 19.47
61 28 20.33
61 29 21.23
61 30 22.16
61 31 23.11
61 32 24.08
61 33 25.06
61 34 26.07
61 35 27.08
61 36 28.11
61 37 29.16
61 38 30.24
61 39 31.34
61 40 32.48
61 41 33.70
61 42 35.09
61 43 36.91
61 44 17.03
61 45 16.00
61 46 15.02
61 47 14.06
61 48 13.12
61 49 12.19
61 50 11.26
61 51 10.33
61 52 9.40
61 53 8.45
61 54 7.50
61 55 6.53
61 56 5.55
61 57 4.54
61 58 3.49
61 59 2.41
61 60 1.25
61 61 0.00
61 62 1.42
61 63 3.24
61 64 6.06
61 65 9.41
62 1 30.51
62 2 23.83
62 3 25.10
62 4 26.13
62 5 27.03
62 6 27.83
62 7 28.55
62 8 29.22
62 9 29.83
62 10 30.40
62 11 30.93
62 12 31.42
62 13 31.88
62 14 32.30
62 15 32.68
62 16 33.03
62 17 33.32
62 18 33.55
62 19 33.70
62 20 33.72
62 21 33.46
62 22 32.62
62 23 17.40
62 24 17.68
62 25 18.19
62 26 18.84
62 27 19.58
62 28 20.39
62 29 21.25
62 30 22.15
62 31 23.08
62 32 24.03
62 33 25.01
62 34 26.00
62 35 27.02
62 36 28.05
62 37 29.11
62 38 30.19
62 39 31.31
62 40 32.48
62 41 33.73
62 42 35.16
62 43 37.07
62 44 18.00
62 45 17.03
62 46 16.10
62 47 15.18
62 48 14.28
62 49 13.38
62 50 12.48
62 51 11.57
62 52 10.66
62 53 9.75
62 54 8.82
62 55 7.87
62 56 6.91
62 57 5.91
62 58 4.88
62 59 3.81
62 60 2.67
62 61 1.42
62 62 0.00
62 63 1.84
62 64 4.70
62 65 9.10
63 1 31.59
63 2 24.51
63 3 25.82
63 4 26.90
63 5 27.84
63 6 28.68
63 7 29.44
63 8 30.15
63 9 30.81
63 10 31.42
63 11 31.99
63 12 32.52
63 13 33.02
63 14 33.48
63 15 33.90
63 16 34.28
63 17 34.62
63 18 34.89
63 19 35.09
63 20 35.16
63 21 34.96
63 22 34.20
63 23 17.75
63 24 17.90
63 25 18.29
63 26 18.84
63 27 19.50
63 28 20.24
63 29 21.05
63 30 21.91
63 31 22.80
63 32 23.73
63 33 24.68
63 34 25.66
63 35 26.67
63 36 27.70
63 37 28.76
63 38 29.85
63 39 30.99
63 40 32.18
63 41 33.46
63 42 34.96
63 43 36.97
63 44 19.06
63 45 18.18
63 46 17.32
63 47 16.47
63 48 15.62
63 49 14.77
63 50 13.91
63 51 13.06
63 52 12.19
63 53 11.31
63 54 10.42
63 55 9.51
63 56 8.58
63 57 7.62
63 58 6.62
63 59 5.58
63 60 4.46
63 61 3.24
63 62 1.84
63 63 0.00
63 64 2.89
63 65 8.64
64 1 32.89
64 2 25.22
64 3 26.58
64 4 27.72
64 5 28.72
64 6 29.63
64 7 30.46
64 8 31.23
64 9 31.95
64 10 32.62
64 11 33.26
64 12 33.86
64 13 34.42
64 14 34.94
64 15 35.43
64 16 35.88
64 17 36.29
64 18 36.64
64 19 36.91
64 20 37.07
64 21 36.97
64 22 36.37
64 23 18.06
64 24 17.98
64 25 18.17
64 26 18.56
64 27 19.08
64 28 19.71
64 29 20.42
64 30 21.19
64 31 22.02
64 32 22.89
64 33 23.81
64 34 24.76
64 35 25.74
64 36 26.76
64 37 27.82
64 38 28.92
64 39 30.07
64 40 31.29
64 41 32.62
64 42 34.20
64 43 36.37
64 44 20.45
64 45 19.72
64 46 18.98
64 47 18.24
64 48 17.49
64 49 16.73
64 50 15.97
64 51 15.19
64 52 14.40
64 53 13.60
64 54 12.78
64 55 11.95
64 56 11.09
64 57 10.20
64 58 9.27
64 59 8.28
64 60 7.23
64 61 6.06
64 62 4.70
64 63 2.89
64 64 0.00
64 65 8.05
65 1 26.30
65 2 17.80
65 3 19.21
65 4 20.41
65 5 21.49
65 6 22.47
65 7 23.39
65 8 24.25
65 9 25.07
65 10 25.85
65 11 26.59
65 12 27.30
65 13 27.99
65 14 28.65
65 15 29.27
65 16 29.87
65 17 30.44
65 18 30.97
65 19 31.45
65 20 31.85
65 21 32.09
65 22 32.05
65 23 10.34
65 24 10.06
65 25 10.16
65 26 10.51
65 27 11.04
65 28 11.70
65 29 12.46
65 30 13.29
65 31 14.17
65 32 15.09
65 33 16.04
65 34 17.03
65 35 18.03
65 36 19.07
65 37 20.12
65 38 21.22
65 39 22.35
65 40 23.54
65 41 24.83
65 42 26.35
65 43 28.42
65 44 14.49
65 45 14.20
65 46 13.87
65 47 13.54
65 48 13.20
65 49 12.86
65 50 12.52
65 51 12.20
65 52 11.87
65 53 11.56
65 54 11.26
65 55 10.98
65 56 10.70
65 57 10.43
65 58 10.18
65 59 9.93
65 60 9.68
65 61 9.41
65 62 9.10
65 63 8.64
65 64 8.05
65 65 0.00
;
param v :=
1 1 0
1 2 55
1 3 40
1 4 53
1 5 47
1 6 35
1 7 48
1 8 38
1 9 48
1 10 54
1 11 49
1 12 56
1 13 49
1 14 49
1 15 57
1 16 41
1 17 53
1 18 59
1 19 47
1 20 43
1 21 37
1 22 47
1 23 52
1 24 37
1 25 56
1 26 60
1 27 40
1 28 52
1 29 38
1 30 40
1 31 37
1 32 46
1 33 60
1 34 35
1 35 60
1 36 49
1 37 48
1 38 59
1 39 58
1 40 48
1 41 46
1 42 58
1 43 41
1 44 38
1 45 54
1 46 39
1 47 45
1 48 43
1 49 38
1 50 35
1 51 39
1 52 53
1 53 42
1 54 47
1 55 45
1 56 42
1 57 45
1 58 58
1 59 55
1 60 44
1 61 50
1 62 50
1 63 52
1 64 57
1 65 40
2 1 35
2 2 0
2 3 52
2 4 47
2 5 39
2 6 59
2 7 56
2 8 37
2 9 49
2 10 52
2 11 36
2 12 46
2 13 38
2 14 53
2 15 56
2 16 50
2 17 48
2 18 40
2 19 49
2 20 44
2 21 49
2 22 60
2 23 54
2 24 56
2 25 41
2 26 46
2 27 49
2 28 41
2 29 40
2 30 56
2 31 54
2 32 42
2 33 36
2 34 55
2 35 37
2 36 39
2 37 37
2 38 57
2 39 40
2 40 37
2 41 47
2 42 51
2 43 58
2 44 53
2 45 42
2 46 39
2 47 38
2 48 51
2 49 50
2 50 52
2 51 55
2 52 50
2 53 50
2 54 49
2 55 53
2 56 56
2 57 57
2 58 38
2 59 58
2 60 51
2 61 36
2 62 59
2 63 58
2 64 51
2 65 50
3 1 56
3 2 51
3 3 0
3 4 36
3 5 45
3 6 39
3 7 60
3 8 51
3 9 42
3 10 51
3 11 49
3 12 60
3 13 48
3 14 52
3 15 46
3 16 58
3 17 42
3 18 52
3 19 35
3 20 53
3 21 59
3 22 46
3 23 45
3 24 42
3 25 59
3 26 57
3 27 46
3 28 46
3 29 35
3 30 59
3 31 44
3 32 52
3 33 35
3 34 36
3 35 52
3 36 59
3 37 39
3 38 55
3 39 36
3 40 55
3 41 47
3 42 54
3 43 47
3 44 48
3 45 57
3 46 58
3 47 37
3 48 56
3 49 58
3 50 49
3 51 59
3 52 52
3 53 47
3 54 35
3 55 46
3 56 43
3 57 51
3 58 52
3 59 42
3 60 56
3 61 35
3 62 42
3 63 48
3 64 54
3 65 45
4 1 37
4 2 40
4 3 53
4 4 0
4 5 45
4 6 42
4 7 35
4 8 58
4 9 37
4 10 57
4 11 36
4 12 35
4 13 43
4 14 46
4 15 58
4 16 52
4 17 48
4 18 40
4 19 45
4 20 50
4 21 35
4 22 54
4 23 53
4 24 35
4 25 38
4 26 47
4 27 44
4 28 42
4 29 60
4 30 57
4 31 52
4 32 55
4 33 54
4 34 49
4 35 39
4 36 44
4 37 39
4 38 52
4 39 49
4 40 38
4 41 59
4 42 40
4 43 56
4 44 56
4 45 52
4 46 36
4 47 57
4 48 58
4 49 36
4 50 46
4 51 57
4 52 39
4 53 48
4 54 36
4 55 59
4 56 54
4 57 43
4 58 35
4 59 51
4 60 39
4 61 48
4 62 47
4 63 59
4 64 41
4 65 43
5 1 53
5 2 56
5 3 39
5 4 41
5 5 0
5 6 35
5 7 52
5 8 36
5 9 50
5 10 55
5 11 36
5 12 40
5 13 41
5 14 40
5 15 50
5 16 41
5 17 59
5 18 43
5 19 40
5 20 55
5 21 55
5 22 44
5 23 36
5 24 55
5 25 57
5 26 44
5 27 49
5 28 48
5 29 60
5 30 43
5 31 43
5 32 44
5 33 57
5 34 58
5 35 42
5 36 35
5 37 45
5 38 57
5 39 49
5 40 44
5 41 41
5 42 45
5 43 49
5 44 58
5 45 48
5 46 41
5 47 54
5 48 50
5 49 36
5 50 46
5 51 59
5 52 43
5 53 51
5 54 45
5 55 58
5 56 46
5 57 43
5 58 56
5 59 38
5 60 50
5 61 51
5 62 56
5 63 44
5 64 39
5 65 54
6 1 41
6 2 47
6 3 39
6 4 48
6 5 49
6 6 0
6 7 51
6 8 58
6 9 56
6 10 47
6 11 57
6 12 49
6 13 49
6 14 57
6 15 39
6 16 60
6 17 41
6 18 40
6 19 43
6 20 45
6 21 44
6 22 58
6 23 58
6 24 44
6 25 59
6 26 58
6 27 49
6 28 55
6 29 35
6 30 60
6 31 57
6 32 57
6 33 36
6 34 43
6 35 45
6 36 49
6 37 39
6 38 52
6 39 36
6 40 42
6 41 50
6 42 42
6 43 37
6 44 54
6 45 43
6 46 45
6 47 52
6 48 49
6 49 45
6 50 40
6 51 56
6 52 58
6 53 53
6 54 54
6 55 47
6 56 38
6 57 47
6 58 42
6 59 38
6 60 44
6 61 40
6 62 52
6 63 54
6 64 36
6 65 51
7 1 45
7 2 46
7 3 35
7 4 56
7 5 57
7 6 48
7 7 0
7 8 56
7 9 60
7 10 56
7 11 43
7 12 40
7 13 43
7 14 38
7 15 47
7 16 59
7 17 41
7 18 38
7 19 53
7 20 56
7 21 45
7 22 51
7 23 57
7 24 47
7 25 60
7 26 44
7 27 49
7 28 44
7 29 37
7 30 60
7 31 45
7 32 51
7 33 36
7 34 40
7 35 49
7 36 54
7 37 57
7 38 35
7 39 50
7 40 37
7 41 42
7 42 45
7 43 60
7 44 41
7 45 35
7 46 44
7 47 35
7 48 57
7 49 38
7 50 52
7 51 47
7 52 59
7 53 55
7 54 59
7 55 45
7 56 57
7 57 35
7 58 53
7 59 47
7 60 44
7 61 57
7 62 39
7 63 35
7 64 37
7 65 45
8 1 38
8 2 42
8 3 35
8 4 51
8 5 40
8 6 55
8 7 58
8 8 0
8 9 44
8 10 55
8 11 50
8 12 54
8 13 57
8 14 37
8 15 43
8 16 47
8 17 45
8 18 39
8 19 44
8 20 56
8 21 59
8 22 56
8 23 51
8 24 41
8 25 54
8 26 51
8 27 46
8 28 55
8 29 48
8 30 60
8 31 50
8 32 42
8 33 50
8 34 38
8 35 46
8 36 35
8 37 58
8 38 40
8 39 41
8 40 37
8 41 50
8 42 35
8 43 35
8 44 52
8 45 36
8 46 44
8 47 51
8 48 51
8 49 50
8 50 46
8 51 46
8 52 59
8 53 52
8 54 36
8 55 49
8 56 35
8 57 35
8 58 57
8 59 52
8 60 47
8 61 60
8 62 60
8 63 55
8 64 47
8 65 35
9 1 46
9 2 37
9 3 53
9 4 36
9 5 39
9 6 55
9 7 55
9 8 46
9 9 0
9 10 45
9 11 58
9 12 46
9 13 44
9 14 48
9 15 41
9 16 44
9 17 52
9 18 41
9 19 56
9 20 53
9 21 42
9 22 54
9 23 57
9 24 53
9 25 41
9 26 35
9 27 40
9 28 50
9 29 58
9 30 39
9 31 50
9 32 55
9 33 47
9 34 48
9 35 53
9 36 57
9 37 60
9 38 47
9 39 48
9 40 51
9 41 36
9 42 56
9 43 60
9 44 48
9 45 59
9 46 41
9 47 54
9 48 53
9 49 60
9 50 43
9 51 37
9 52 42
9 53 53
9 54 57
9 55 38
9 56 57
9 57 55
9 58 49
9 59 52
9 60 50
9 61 35
9 62 36
9 63 54
9 64 37
9 65 45
10 1 48
10 2 47
10 3 51
10 4 58
10 5 41
10 6 58
10 7 54
10 8 49
10 9 44
10 10 0
10 11 37
10 12 36
10 13 45
10 14 48
10 15 46
10 16 52
10 17 38
10 18 42
10 19 39
10 20 50
10 21 39
10 22 41
10 23 42
10 24 41
10 25 43
10 26 37
10 27 41
10 28 53
10 29 45
10 30 55
10 31 43
10 32 52
10 33 41
10 34 56
10 35 54
10 36 38
10 37 47
10 38 48
10 39 59
10 40 42
10 41 56
10 42 57
10 43 36
10 44 41
10 45 48
10 46 46
10 47 35
10 48 40
10 49 48
10 50 50
10 51 50
10 52 39
10 53 52
10 54 36
10 55 35
10 56 51
10 57 39
10 58 49
10 59 47
10 60 38
10 61 40
10 62 49
10 63 52
10 64 45
10 65 43
11 1 53
11 2 51
11 3 54
11 4 47
11 5 56
11 6 44
11 7 42
11 8 51
11 9 40
11 10 40
11 11 0
11 12 58
11 13 60
11 14 53
11 15 58
11 16 44
11 17 50
11 18 60
11 19 51
11 20 50
11 21 41
11 22 43
11 23 59
11 24 49
11 25 42
11 26 40
11 27 39
11 28 47
11 29 38
11 30 35
11 31 45
11 32 57
11 33 40
11 34 51
11 35 52
11 36 59
11 37 58
11 38 58
11 39 58
11 40 56
11 41 44
11 42 57
11 43 50
11 44 46
11 45 54
11 46 51
11 47 58
11 48 47
11 49 51
11 50 51
11 51 54
11 52 59
11 53 45
11 54 59
11 55 54
11 56 55
11 57 60
11 58 55
11 59 42
11 60 44
11 61 42
11 62 44
11 63 46
11 64 43
11 65 40
12 1 40
12 2 36
12 3 57
12 4 43
12 5 43
12 6 39
12 7 51
12 8 59
12 9 39
12 10 51
12 11 56
12 12 0
12 13 35
12 14 56
12 15 57
12 16 40
12 17 41
12 18 54
12 19 53
12 20 58
12 21 55
12 22 47
12 23 39
12 24 38
12 25 44
12 26 58
12 27 44
12 28 40
12 29 37
12 30 49
12 31 49
12 32 55
12 33 47
12 34 46
12 35 39
12 36 51
12 37 37
12 38 56
12 39 39
12 40 57
12 41 43
12 42 44
12 43 47
12 44 46
12 45 46
12 46 48
12 47 39
12 48 53
12 49 52
12 50 35
12 51 43
12 52 43
12 53 50
12 54 38
12 55 49
12 56 56
12 57 42
12 58 59
12 59 58
12 60 52
12 61 58
12 62 38
12 63 55
12 64 56
12 65 39
13 1 38
13 2 50
13 3 37
13 4 57
13 5 48
13 6 49
13 7 50
13 8 56
13 9 39
13 10 55
13 11 58
13 12 35
13 13 0
13 14 39
13 15 39
13 16 35
13 17 42
13 18 52
13 19 46
13 20 60
13 21 49
13 22 36
13 23 60
13 24 37
13 25 54
13 26 48
13 27 39
13 28 56
13 29 45
13 30 41
13 31 43
13 32 47
13 33 50
13 34 43
13 35 49
13 36 43
13 37 43
13 38 54
13 39 39
13 40 58
13 41 41
13 42 39
13 43 44
13 44 46
13 45 43
13 46 42
13 47 38
13 48 52
13 49 51
13 50 52
13 51 46
13 52 38
13 53 41
13 54 38
13 55 48
13 56 51
13 57 36
13 58 59
13 59 37
13 60 41
13 61 47
13 62 51
13 63 40
13 64 43
13 65 35
14 1 55
14 2 59
14 3 48
14 4 35
14 5 48
14 6 57
14 7 47
14 8 36
14 9 47
14 10 47
14 11 54
14 12 47
14 13 41
14 14 0
14 15 49
14 16 60
14 17 37
14 18 35
14 19 36
14 20 43
14 21 42
14 22 57
14 23 47
14 24 38
14 25 35
14 26 37
14 27 40
14 28 36
14 29 52
14 30 49
14 31 45
14 32 55
14 33 51
14 34 60
14 35 43
14 36 39
14 37 57
14 38 59
14 39 52
14 40 43
14 41 60
14 42 46
14 43 36
14 44 58
14 45 53
14 46 43
14 47 46
14 48 37
14 49 35
14 50 43
14 51 35
14 52 59
14 53 47
14 54 39
14 55 48
14 56 45
14 57 47
14 58 46
14 59 51
14 60 45
14 61 53
14 62 49
14 63 47
14 64 36
14 65 50
15 1 60
15 2 46
15 3 40
15 4 59
15 5 42
15 6 37
15 7 40
15 8 54
15 9 37
15 10 48
15 11 57
15 12 54
15 13 53
15 14 57
15 15 0
15 16 52
15 17 54
15 18 43
15 19 43
15 20 47
15 21 39
15 22 49
15 23 60
15 24 54
15 25 40
15 26 54
15 27 48
15 28 57
15 29 47
15 30 57
15 31 59
15 32 37
15 33 56
15 34 49
15 35 39
15 36 42
15 37 59
15 38 46
15 39 53
15 40 53
15 41 36
15 42 45
15 43 60
15 44 40
15 45 55
15 46 51
15 47 54
15 48 41
15 49 59
15 50 35
15 51 38
15 52 54
15 53 45
15 54 43
15 55 35
15 56 47
15 57 41
15 58 44
15 59 40
15 60 44
15 61 45
15 62 51
15 63 44
15 64 38
15 65 54
16 1 45
16 2 55
16 3 37
16 4 52
16 5 47
16 6 36
16 7 50
16 8 35
16 9 51
16 10 48
16 11 38
16 12 45
16 13 48
16 14 58
16 15 43
16 16 0
16 17 58
16 18 54
16 19 44
16 20 48
16 21 37
16 22 58
16 23 50
16 24 59
16 25 40
16 26 54
16 27 47
16 28 57
16 29 39
16 30 39
16 31 52
16 32 60
16 33 48
16 34 45
16 35 53
16 36 57
16 37 53
16 38 44
16 39 54
16 40 51
16 41 50
16 42 47
16 43 53
16 44 49
16 45 39
16 46 38
16 47 54
16 48 44
16 49 44
16 50 37
16 51 36
16 52 39
16 53 36
16 54 58
16 55 54
16 56 59
16 57 56
16 58 48
16 59 49
16 60 54
16 61 47
16 62 52
16 63 35
16 64 54
16 65 46
17 1 53
17 2 40
17 3 52
17 4 59
17 5 55
17 6 49
17 7 56
17 8 56
17 9 58
17 10 41
17 11 54
17 12 40
17 13 49
17 14 57
17 15 56
17 16 36
17 17 0
17 18 54
17 19 58
17 20 35
17 21 49
17 22 59
17 23 36
17 24 38
17 25 57
17 26 48
17 27 58
17 28 56
17 29 54
17 30 40
17 31 44
17 32 49
17 33 60
17 34 42
17 35 54
17 36 45
17 37 40
17 38 49
17 39 45
17 40 38
17 41 36
17 42 40
17 43 37
17 44 56
17 45 42
17 46 35
17 47 46
17 48 43
17 49 54
17 50 43
17 51 51
17 52 48
17 53 56
17 54 54
17 55 42
17 56 50
17 57 56
17 58 51
17 59 41
17 60 55
17 61 44
17 62 57
17 63 36
17 64 60
17 65 52
18 1 38
18 2 54
18 3 47
18 4 41
18 5 39
18 6 59
18 7 54
18 8 59
18 9 49
18 10 52
18 11 48
18 12 39
18 13 53
18 14 43
18 15 47
18 16 35
18 17 40
18 18 0
18 19 41
18 20 45
18 21 53
18 22 50
18 23 52
18 24 56
18 25 54
18 26 60
18 27 48
18 28 39
18 29 47
18 30 46
18 31 50
18 32 51
18 33 58
18 34 56
18 35 57
18 36 60
18 37 42
18 38 40
18 39 54
18 40 58
18 41 42
18 42 57
18 43 46
18 44 57
18 45 53
18 46 39
18 47 59
18 48 35
18 49 37
18 50 44
18 51 60
18 52 55
18 53 35
18 54 35
18 55 38
18 56 60
18 57 46
18 58 36
18 59 38
18 60 35
18 61 39
18 62 53
18 63 52
18 64 40
18 65 38
19 1 45
19 2 45
19 3 38
19 4 47
19 5 60
19 6 43
19 7 53
19 8 39
19 9 42
19 10 36
19 11 60
19 12 54
19 13 44
19 14 56
19 15 50
19 16 47
19 17 57
19 18 40
19 19 0
19 20 56
19 21 46
19 22 42
19 23 39
19 24 52
19 25 50
19 26 36
19 27 45
19 28 36
19 29 46
19 30 56
19 31 53
19 32 38
19 33 40
19 34 47
19 35 42
19 36 44
19 37 52
19 38 49
19 39 40
19 40 45
19 41 59
19 42 37
19 43 48
19 44 55
19 45 39
19 46 35
19 47 47
19 48 56
19 49 47
19 50 60
19 51 40
19 52 53
19 53 37
19 54 50
19 55 39
19 56 45
19 57 52
19 58 45
19 59 40
19 60 42
19 61 48
19 62 56
19 63 39
19 64 45
19 65 41
20 1 49
20 2 38
20 3 53
20 4 54
20 5 39
20 6 40
20 7 38
20 8 44
20 9 56
20 10 38
20 11 44
20 12 57
20 13 37
20 14 55
20 15 39
20 16 38
20 17 35
20 18 50
20 19 49
20 20 0
20 21 50
20 22 42
20 23 52
20 24 38
20 25 49
20 26 48
20 27 38
20 28 55
20 29 45
20 30 53
20 31 49
20 32 52
20 33 58
20 34 38
20 35 38
20 36 38
20 37 41
20 38 36
20 39 40
20 40 45
20 41 37
20 42 43
20 43 57
20 44 44
20 45 53
20 46 37
20 47 40
20 48 51
20 49 45
20 50 44
20 51 37
20 52 38
20 53 51
20 54 56
20 55 59
20 56 45
20 57 39
20 58 48
20 59 57
20 60 46
20 61 58
20 62 54
20 63 58
20 64 37
20 65 54
21 1 47
21 2 52
21 3 43
21 4 59
21 5 60
21 6 56
21 7 53
21 8 48
21 9 60
21 10 35
21 11 35
21 12 46
21 13 36
21 14 44
21 15 51
21 16 37
21 17 46
21 18 39
21 19 53
21 20 42
21 21 0
21 22 46
21 23 36
21 24 36
21 25 40
21 26 37
21 27 37
21 28 48
21 29 47
21 30 39
21 31 36
21 32 57
21 33 51
21 34 40
21 35 46
21 36 49
21 37 54
21 38 55
21 39 39
21 40 60
21 41 58
21 42 49
21 43 47
21 44 58
21 45 50
21 46 45
21 47 58
21 48 59
21 49 42
21 50 46
21 51 42
21 52 49
21 53 54
21 54 39
21 55 52
21 56 41
21 57 55
21 58 59
21 59 56
21 60 39
21 61 38
21 62 56
21 63 58
21 64 37
21 65 36
22 1 45
22 2 53
22 3 43
22 4 54
22 5 39
22 6 47
22 7 59
22 8 60
22 9 47
22 10 50
22 11 47
22 12 51
22 13 39
22 14 55
22 15 59
22 16 51
22 17 50
22 18 59
22 19 54
22 20 41
22 21 37
22 22 0
22 23 44
22 24 58
22 25 41
22 26 58
22 27 58
22 28 52
22 29 37
22 30 47
22 31 44
22 32 40
22 33 40
22 34 46
22 35 40
22 36 36
22 37 49
22 38 59
22 39 38
22 40 55
22 41 49
22 42 50
22 43 51
22 44 42
22 45 53
22 46 37
22 47 52
22 48 42
22 49 52
22 50 43
22 51 38
22 52 56
22 53 60
22 54 55
22 55 55
22 56 51
22 57 35
22 58 42
22 59 46
22 60 56
22 61 43
22 62 60
22 63 45
22 64 51
22 65 43
23 1 46
23 2 58
23 3 36
23 4 56
23 5 44
23 6 40
23 7 41
23 8 37
23 9 39
23 10 56
23 11 58
23 12 35
23 13 37
23 14 41
23 15 59
23 16 46
23 17 46
23 18 35
23 19 55
23 20 50
23 21 59
23 22 51
23 23 0
23 24 56
23 25 53
23 26 51
23 27 59
23 28 47
23 29 55
23 30 60
23 31 42
23 32 56
23 33 42
23 34 46
23 35 35
23 36 42
23 37 56
23 38 44
23 39 36
23 40 55
23 41 35
23 42 48
23 43 47
23 44 56
23 45 52
23 46 47
23 47 59
23 48 48
23 49 59
23 50 41
23 51 52
23 52 51
23 53 42
23 54 53
23 55 55
23 56 36
23 57 35
23 58 50
23 59 49
23 60 58
23 61 44
23 62 36
23 63 58
23 64 55
23 65 58
24 1 56
24 2 37
24 3 60
24 4 45
24 5 37
24 6 45
24 7 50
24 8 50
24 9 58
24 10 42
24 11 43
24 12 47
24 13 52
24 14 56
24 15 36
24 16 52
24 17 53
24 18 54
24 19 49
24 20 48
24 21 52
24 22 49
24 23 48
24 24 0
24 25 51
24 26 46
24 27 47
24 28 41
24 29 55
24 30 48
24 31 58
24 32 49
24 33 44
24 34 44
24 35 43
24 36 53
24 37 42
24 38 38
24 39 49
24 40 59
24 41 47
24 42 50
24 43 41
24 44 39
24 45 46
24 46 52
24 47 39
24 48 37
24 49 39
24 50 50
24 51 45
24 52 37
24 53 39
24 54 35
24 55 48
24 56 51
24 57 42
24 58 46
24 59 37
24 60 39
24 61 50
24 62 51
24 63 51
24 64 48
24 65 44
25 1 53
25 2 42
25 3 39
25 4 47
25 5 59
25 6 60
25 7 55
25 8 49
25 9 53
25 10 55
25 11 37
25 12 41
25 13 45
25 14 47
25 15 54
25 16 53
25 17 42
25 18 39
25 19 50
25 20 59
25 21 38
25 22 60
25 23 49
25 24 59
25 25 0
25 26 58
25 27 43
25 28 49
25 29 55
25 30 41
25 31 53
25 32 41
25 33 52
25 34 35
25 35 50
25 36 37
25 37 54
25 38 49
25 39 48
25 40 36
25 41 51
25 42 47
25 43 39
25 44 60
25 45 60
25 46 45
25 47 59
25 48 51
25 49 40
25 50 53
25 51 46
25 52 38
25 53 52
25 54 59
25 55 44
25 56 45
25 57 35
25 58 51
25 59 59
25 60 53
25 61 56
25 62 53
25 63 59
25 64 39
25 65 58
26 1 40
26 2 38
26 3 38
26 4 39
26 5 58
26 6 40
26 7 44
26 8 42
26 9 37
26 10 57
26 11 39
26 12 60
26 13 54
26 14 44
26 15 59
26 16 57
26 17 43
26 18 37
26 19 41
26 20 54
26 21 41
26 22 40
26 23 41
26 24 59
26 25 38
26 26 0
26 27 54
26 28 44
26 29 48
26 30 51
26 31 37
26 32 38
26 33 57
26 34 44
26 35 53
26 36 57
26 37 48
26 38 39
26 39 35
26 40 35
26 41 55
26 42 54
26 43 35
26 44 48
26 45 39
26 46 39
26 47 58
26 48 36
26 49 45
26 50 49
26 51 42
26 52 39
26 53 36
26 54 59
26 55 58
26 56 56
26 57 39
26 58 45
26 59 59
26 60 47
26 61 59
26 62 44
26 63 55
26 64 39
26 65 40
27 1 51
27 2 35
27 3 39
27 4 56
27 5 44
27 6 51
27 7 53
27 8 56
27 9 51
27 10 42
27 11 54
27 12 55
27 13 49
27 14 45
27 15 48
27 16 37
27 17 37
27 18 59
27 19 42
27 20 42
27 21 50
27 22 40
27 23 54
27 24 53
27 25 45
27 26 42
27 27 0
27 28 39
27 29 40
27 30 40
27 31 51
27 32 42
27 33 45
27 34 52
27 35 46
27 36 56
27 37 42
27 38 60
27 39 36
27 40 45
27 41 48
27 42 48
27 43 59
27 44 47
27 45 58
27 46 43
27 47 47
27 48 48
27 49 48
27 50 47
27 51 49
27 52 38
27 53 57
27 54 57
27 55 46
27 56 41
27 57 58
27 58 52
27 59 60
27 60 43
27 61 43
27 62 60
27 63 60
27 64 50
27 65 49
28 1 52
28 2 55
28 3 49
28 4 35
28 5 58
28 6 49
28 7 54
28 8 45
28 9 47
28 10 43
28 11 54
28 12 37
28 13 50
28 14 48
28 15 54
28 16 42
28 17 46
28 18 38
28 19 37
28 20 39
28 21 57
28 22 57
28 23 60
28 24 58
28 25 43
28 26 57
28 27 58
28 28 0
28 29 38
28 30 53
28 31 37
28 32 40
28 33 37
28 34 46
28 35 60
28 36 49
28 37 38
28 38 38
28 39 45
28 40 43
28 41 48
28 42 57
28 43 39
28 44 50
28 45 42
28 46 41
28 47 46
28 48 60
28 49 44
28 50 54
28 51 39
28 52 36
28 53 40
28 54 37
28 55 38
28 56 37
28 57 55
28 58 45
28 59 37
28 60 52
28 61 48
28 62 40
28 63 46
28 64 41
28 65 36
29 1 37
29 2 39
29 3 51
29 4 36
29 5 48
29 6 56
29 7 57
29 8 37
29 9 56
29 10 37
29 11 57
29 12 55
29 13 60
29 14 43
29 15 51
29 16 50
29 17 47
29 18 53
29 19 42
29 20 41
29 21 48
29 22 35
29 23 47
29 24 58
29 25 37
29 26 39
29 27 40
29 28 48
29 29 0
29 30 55
29 31 48
29 32 53
29 33 56
29 34 53
29 35 60
29 36 45
29 37 53
29 38 39
29 39 52
29 40 51
29 41 39
29 42 55
29 43 53
29 44 52
29 45 36
29 46 58
29 47 44
29 48 55
29 49 50
29 50 35
29 51 47
29 52 43
29 53 50
29 54 48
29 55 42
29 56 53
29 57 47
29 58 52
29 59 44
29 60 39
29 61 53
29 62 38
29 63 45
29 64 55
29 65 44
30 1 51
30 2 54
30 3 42
30 4 48
30 5 56
30 6 57
30 7 41
30 8 40
30 9 48
30 10 38
30 11 37
30 12 57
30 13 46
30 14 35
30 15 41
30 16 40
30 17 44
30 18 38
30 19 49
30 20 40
30 21 57
30 22 55
30 23 42
30 24 45
30 25 54
30 26 36
30 27 51
30 28 50
30 29 41
30 30 0
30 31 36
30 32 39
30 33 59
30 34 59
30 35 51
30 36 37
30 37 36
30 38 53
30 39 54
30 40 60
30 41 51
30 42 36
30 43 43
30 44 60
30 45 56
30 46 36
30 47 38
30 48 59
30 49 40
30 50 37
30 51 52
30 52 46
30 53 51
30 54 60
30 55 47
30 56 53
30 57 44
30 58 39
30 59 56
30 60 41
30 61 51
30 62 56
30 63 40
30 64 51
30 65 36
31 1 39
31 2 60
31 3 36
31 4 44
31 5 52
31 6 41
31 7 44
31 8 49
31 9 43
31 10 53
31 11 60
31 12 51
31 13 45
31 14 53
31 15 40
31 16 60
31 17 56
31 18 53
31 19 53
31 20 47
31 21 36
31 22 59
31 23 45
31 24 54
31 25 48
31 26 56
31 27 45
31 28 55
31 29 41
31 30 57
31 31 0
31 32 40
31 33 54
31 34 40
31 35 42
31 36 38
31 37 45
31 38 53
31 39 51
31 40 36
31 41 53
31 42 53
31 43 51
31 44 51
31 45 54
31 46 52
31 47 55
31 48 54
31 49 42
31 50 43
31 51 40
31 52 38
31 53 39
31 54 37
31 55 41
31 56 40
31 57 37
31 58 47
31 59 58
31 60 45
31 61 55
31 62 43
31 63 40
31 64 60
31 65 52
32 1 46
32 2 51
32 3 48
32 4 41
32 5 54
32 6 55
32 7 60
32 8 57
32 9 54
32 10 60
32 11 50
32 12 57
32 13 36
32 14 52
32 15 35
32 16 54
32 17 54
32 18 57
32 19 42
32 20 51
32 21 39
32 22 55
32 23 38
32 24 37
32 25 42
32 26 59
32 27 51
32 28 59
32 29 56
32 30 42
32 31 39
32 32 0
32 33 55
32 34 35
32 35 50
32 36 60
32 37 46
32 38 35
32 39 47
32 40 60
32 41 45
32 42 45
32 43 47
32 44 55
32 45 44
32 46 47
32 47 59
32 48 36
32 49 50
32 50 40
32 51 57
32 52 47
32 53 40
32 54 53
32 55 47
32 56 53
32 57 35
32 58 43
32 59 48
32 60 46
32 61 49
32 62 39
32 63 45
32 64 38
32 65 38
33 1 55
33 2 44
33 3 43
33 4 52
33 5 53
33 6 45
33 7 40
33 8 36
33 9 42
33 10 46
33 11 60
33 12 39
33 13 41
33 14 45
33 15 50
33 16 59
33 17 42
33 18 56
33 19 52
33 20 39
33 21 41
33 22 44
33 23 60
33 24 44
33 25 41
33 26 57
33 27 57
33 28 48
33 29 57
33 30 38
33 31 52
33 32 58
33 33 0
33 34 49
33 35 59
33 36 58
33 37 47
33 38 40
33 39 40
33 40 50
33 41 59
33 42 60
33 43 59
33 44 45
33 45 56
33 46 57
33 47 38
33 48 43
33 49 46
33 50 37
33 51 43
33 52 57
33 53 54
33 54 44
33 55 60
33 56 55
33 57 44
33 58 54
33 59 52
33 60 51
33 61 58
33 62 50
33 63 46
33 64 55
33 65 60
34 1 45
34 2 38
34 3 48
34 4 52
34 5 53
34 6 47
34 7 37
34 8 38
34 9 60
34 10 54
34 11 47
34 12 54
34 13 51
34 14 58
34 15 43
34 16 38
34 17 36
34 18 59
34 19 58
34 20 43
34 21 59
34 22 36
34 23 58
34 24 36
34 25 58
34 26 53
34 27 43
34 28 55
34 29 53
34 30 39
34 31 43
34 32 59
34 33 47
34 34 0
34 35 46
34 36 47
34 37 39
34 38 57
34 39 38
34 40 51
34 41 53
34 42 58
34 43 60
34 44 59
34 45 57
34 46 42
34 47 48
34 48 44
34 49 39
34 50 45
34 51 46
34 52 36
34 53 42
34 54 39
34 55 52
34 56 35
34 57 45
34 58 37
34 59 53
34 60 57
34 61 53
34 62 43
34 63 56
34 64 56
34 65 37
35 1 35
35 2 40
35 3 42
35 4 38
35 5 57
35 6 49
35 7 57
35 8 60
35 9 40
35 10 41
35 11 36
35 12 57
35 13 59
35 14 49
35 15 55
35 16 54
35 17 49
35 18 35
35 19 56
35 20 44
35 21 56
35 22 55
35 23 52
35 24 38
35 25 48
35 26 48
35 27 44
35 28 55
35 29 38
35 30 50
35 31 51
35 32 54
35 33 58
35 34 45
35 35 0
35 36 40
35 37 48
35 38 41
35 39 36
35 40 40
35 41 43
35 42 60
35 43 51
35 44 35
35 45 41
35 46 45
35 47 36
35 48 48
35 49 36
35 50 49
35 51 37
35 52 46
35 53 38
35 54 42
35 55 36
35 56 48
35 57 41
35 58 47
35 59 49
35 60 47
35 61 51
35 62 51
35 63 49
35 64 56
35 65 44
36 1 49
36 2 54
36 3 40
36 4 55
36 5 51
36 6 41
36 7 51
36 8 43
36 9 38
36 10 37
36 11 54
36 12 35
36 13 50
36 14 55
36 15 47
36 16 58
36 17 45
36 18 56
36 19 59
36 20 42
36 21 45
36 22 60
36 23 42
36 24 45
36 25 42
36 26 43
36 27 45
36 28 60
36 29 44
36 30 60
36 31 53
36 32 39
36 33 48
36 34 51
36 35 54
36 36 0
36 37 48
36 38 45
36 39 42
36 40 54
36 41 39
36 42 54
36 43 36
36 44 48
36 45 57
36 46 39
36 47 47
36 48 57
36 49 45
36 50 55
36 51 38
36 52 43
36 53 59
36 54 39
36 55 47
36 56 54
36 57 51
36 58 44
36 59 47
36 60 48
36 61 54
36 62 36
36 63 38
36 64 51
36 65 53
37 1 49
37 2 47
37 3 45
37 4 48
37 5 54
37 6 48
37 7 43
37 8 53
37 9 47
37 10 53
37 11 48
37 12 54
37 13 49
37 14 42
37 15 53
37 16 49
37 17 38
37 18 56
37 19 57
37 20 58
37 21 52
37 22 43
37 23 48
37 24 43
37 25 44
37 26 58
37 27 54
37 28 35
37 29 56
37 30 46
37 31 57
37 32 50
37 33 45
37 34 41
37 35 38
37 36 43
37 37 0
37 38 56
37 39 48
37 40 41
37 41 40
37 42 59
37 43 51
37 44 44
37 45 41
37 46 41
37 47 54
37 48 58
37 49 40
37 50 49
37 51 53
37 52 49
37 53 42
37 54 46
37 55 55
37 56 51
37 57 38
37 58 45
37 59 46
37 60 57
37 61 41
37 62 36
37 63 55
37 64 56
37 65 39
38 1 37
38 2 55
38 3 48
38 4 57
38 5 44
38 6 41
38 7 59
38 8 35
38 9 37
38 10 45
38 11 56
38 12 41
38 13 52
38 14 51
38 15 46
38 16 60
38 17 57
38 18 56
38 19 44
38 20 59
38 21 38
38 22 35
38 23 53
38 24 51
38 25 52
38 26 59
38 27 48
38 28 57
38 29 37
38 30 41
38 31 36
38 32 38
38 33 60
38 34 40
38 35 48
38 36 56
38 37 36
38 38 0
38 39 45
38 40 48
38 41 42
38 42 47
38 43 60
38 44 46
38 45 41
38 46 58
38 47 40
38 48 44
38 49 36
38 50 44
38 51 56
38 52 36
38 53 52
38 54 48
38 55 45
38 56 45
38 57 55
38 58 49
38 59 40
38 60 43
38 61 37
38 62 49
38 63 47
38 64 37
38 65 56
39 1 46
39 2 53
39 3 53
39 4 51
39 5 37
39 6 36
39 7 42
39 8 59
39 9 57
39 10 49
39 11 48
39 12 50
39 13 44
39 14 41
39 15 44
39 16 55
39 17 56
39 18 54
39 19 41
39 20 56
39 21 60
39 22 51
39 23 57
39 24 39
39 25 45
39 26 45
39 27 53
39 28 50
39 29 45
39 30 56
39 31 46
39 32 48
39 33 57
39 34 37
39 35 58
39 36 48
39 37 50
39 38 45
39 39 0
39 40 49
39 41 55
39 42 49
39 43 53
39 44 49
39 45 49
39 46 60
39 47 44
39 48 50
39 49 40
39 50 59
39 51 59
39 52 53
39 53 57
39 54 55
39 55 54
39 56 53
39 57 54
39 58 55
39 59 42
39 60 44
39 61 44
39 62 40
39 63 50
39 64 57
39 65 37
40 1 41
40 2 42
40 3 56
40 4 41
40 5 41
40 6 44
40 7 56
40 8 51
40 9 45
40 10 60
40 11 48
40 12 46
40 13 47
40 14 54
40 15 50
40 16 51
40 17 56
40 18 60
40 19 53
40 20 41
40 21 49
40 22 50
40 23 51
40 24 53
40 25 53
40 26 37
40 27 40
40 28 57
40 29 49
40 30 49
40 31 47
40 32 43
40 33 60
40 34 37
40 35 39
40 36 54
40 37 55
40 38 54
40 39 52
40 40 0
40 41 57
40 42 52
40 43 47
40 44 58
40 45 47
40 46 47
40 47 37
40 48 42
40 49 60
40 50 58
40 51 55
40 52 60
40 53 60
40 54 37
40 55 38
40 56 53
40 57 56
40 58 54
40 59 58
40 60 36
40 61 53
40 62 59
40 63 46
40 64 59
40 65 57
41 1 58
41 2 38
41 3 56
41 4 37
41 5 53
41 6 59
41 7 35
41 8 55
41 9 35
41 10 35
41 11 44
41 12 38
41 13 47
41 14 47
41 15 36
41 16 52
41 17 57
41 18 55
41 19 51
41 20 60
41 21 42
41 22 55
41 23 57
41 24 38
41 25 38
41 26 36
41 27 48
41 28 38
41 29 41
41 30 45
41 31 56
41 32 54
41 33 56
41 34 51
41 35 38
41 36 35
41 37 58
41 38 36
41 39 54
41 40 39
41 41 0
41 42 57
41 43 39
41 44 60
41 45 52
41 46 51
41 47 41
41 48 57
41 49 57
41 50 47
41 51 43
41 52 45
41 53 58
41 54 41
41 55 52
41 56 52
41 57 57
41 58 55
41 59 53
41 60 59
41 61 48
41 62 43
41 63 50
41 64 35
41 65 58
42 1 53
42 2 56
42 3 42
42 4 55
42 5 46
42 6 52
42 7 39
42 8 39
42 9 36
42 10 52
42 11 58
42 12 55
42 13 59
42 14 48
42 15 51
42 16 41
42 17 47
42 18 52
42 19 52
42 20 35
42 21 57
42 22 58
42 23 42
42 24 39
42 25 44
42 26 60
42 27 41
42 28 50
42 29 49
42 30 55
42 31 54
42 32 42
42 33 36
42 34 43
42 35 59
42 36 48
42 37 56
42 38 36
42 39 35
42 40 50
42 41 40
42 42 0
42 43 57
42 44 43
42 45 49
42 46 55
42 47 58
42 48 38
42 49 58
42 50 38
42 51 35
42 52 42
42 53 39
42 54 48
42 55 60
42 56 38
42 57 40
42 58 36
42 59 41
42 60 48
42 61 35
42 62 57
42 63 44
42 64 51
42 65 41
43 1 39
43 2 38
43 3 41
43 4 52
43 5 57
43 6 38
43 7 35
43 8 46
43 9 56
43 10 41
43 11 37
43 12 42
43 13 45
43 14 48
43 15 47
43 16 35
43 17 50
43 18 54
43 19 50
43 20 54
43 21 50
43 22 48
43 23 56
43 24 51
43 25 42
43 26 43
43 27 35
43 28 55
43 29 44
43 30 38
43 31 49
43 32 38
43 33 37
43 34 39
43 35 44
43 36 47
43 37 38
43 38 40
43 39 52
43 40 44
43 41 51
43 42 37
43 43 0
43 44 55
43 45 45
43 46 39
43 47 53
43 48 60
43 49 36
43 50 36
43 51 36
43 52 40
43 53 58
43 54 41
43 55 35
43 56 60
43 57 36
43 58 47
43 59 52
43 60 55
43 61 51
43 62 35
43 63 50
43 64 46
43 65 56
44 1 44
44 2 35
44 3 41
44 4 36
44 5 50
44 6 43
44 7 59
44 8 56
44 9 46
44 10 40
44 11 46
44 12 56
44 13 47
44 14 36
44 15 48
44 16 56
44 17 58
44 18 47
44 19 42
44 20 58
44 21 54
44 22 38
44 23 52
44 24 41
44 25 36
44 26 52
44 27 60
44 28 59
44 29 36
44 30 46
44 31 58
44 32 57
44 33 48
44 34 39
44 35 39
44 36 35
44 37 53
44 38 41
44 39 42
44 40 40
44 41 59
44 42 49
44 43 60
44 44 0
44 45 50
44 46 35
44 47 45
44 48 56
44 49 51
44 50 40
44 51 48
44 52 40
44 53 48
44 54 56
44 55 57
44 56 43
44 57 42
44 58 53
44 59 60
44 60 52
44 61 60
44 62 54
44 63 37
44 64 46
44 65 40
45 1 50
45 2 36
45 3 52
45 4 55
45 5 42
45 6 40
45 7 49
45 8 53
45 9 45
45 10 57
45 11 39
45 12 42
45 13 35
45 14 51
45 15 40
45 16 36
45 17 40
45 18 50
45 19 50
45 20 39
45 21 44
45 22 40
45 23 59
45 24 49
45 25 54
45 26 53
45 27 59
45 28 41
45 29 59
45 30 56
45 31 36
45 32 51
45 33 50
45 34 53
45 35 48
45 36 46
45 37 54
45 38 48
45 39 35
45 40 54
45 41 46
45 42 56
45 43 56
45 44 55
45 45 0
45 46 36
45 47 51
45 48 37
45 49 59
45 50 37
45 51 52
45 52 47
45 53 38
45 54 40
45 55 37
45 56 49
45 57 40
45 58 52
45 59 51
45 60 52
45 61 52
45 62 49
45 63 51
45 64 38
45 65 59
46 1 42
46 2 54
46 3 60
46 4 36
46 5 36
46 6 52
46 7 58
46 8 37
46 9 38
46 10 37
46 11 36
46 12 37
46 13 48
46 14 54
46 15 40
46 16 53
46 17 51
46 18 55
46 19 37
46 20 43
46 21 39
46 22 36
46 23 38
46 24 44
46 25 46
46 26 47
46 27 38
46 28 36
46 29 45
46 30 55
46 31 35
46 32 54
46 33 53
46 34 39
46 35 45
46 36 54
46 37 51
46 38 50
46 39 37
46 40 54
46 41 40
46 42 56
46 43 52
46 44 58
46 45 53
46 46 0
46 47 35
46 48 42
46 49 44
46 50 47
46 51 55
46 52 58
46 53 58
46 54 37
46 55 57
46 56 40
46 57 51
46 58 60
46 59 58
46 60 60
46 61 36
46 62 47
46 63 45
46 64 48
46 65 55
47 1 45
47 2 50
47 3 54
47 4 44
47 5 40
47 6 58
47 7 55
47 8 44
47 9 55
47 10 35
47 11 55
47 12 41
47 13 47
47 14 49
47 15 43
47 16 52
47 17 41
47 18 52
47 19 45
47 20 38
47 21 50
47 22 40
47 23 59
47 24 39
47 25 36
47 26 55
47 27 52
47 28 49
47 29 45
47 30 39
47 31 39
47 32 51
47 33 60
47 34 48
47 35 54
47 36 55
47 37 55
47 38 39
47 39 57
47 40 57
47 41 59
47 42 56
47 43 59
47 44 58
47 45 52
47 46 57
47 47 0
47 48 49
47 49 53
47 50 47
47 51 37
47 52 44
47 53 38
47 54 53
47 55 45
47 56 45
47 57 39
47 58 57
47 59 58
47 60 60
47 61 40
47 62 42
47 63 41
47 64 60
47 65 50
48 1 35
48 2 42
48 3 60
48 4 45
48 5 42
48 6 40
48 7 46
48 8 57
48 9 51
48 10 60
48 11 53
48 12 46
48 13 40
48 14 43
48 15 35
48 16 47
48 17 35
48 18 52
48 19 41
48 20 35
48 21 45
48 22 50
48 23 57
48 24 41
48 25 40
48 26 45
48 27 47
48 28 58
48 29 38
48 30 42
48 31 50
48 32 40
48 33 46
48 34 54
48 35 55
48 36 53
48 37 46
48 38 38
48 39 43
48 40 56
48 41 36
48 42 59
48 43 45
48 44 39
48 45 39
48 46 39
48 47 56
48 48 0
48 49 48
48 50 55
48 51 44
48 52 49
48 53 58
48 54 36
48 55 35
48 56 60
48 57 36
48 58 58
48 59 60
48 60 41
48 61 41
48 62 57
48 63 43
48 64 49
48 65 36
49 1 55
49 2 56
49 3 50
49 4 39
49 5 35
49 6 43
49 7 47
49 8 49
49 9 55
49 10 40
49 11 58
49 12 59
49 13 47
49 14 49
49 15 46
49 16 51
49 17 58
49 18 40
49 19 39
49 20 52
49 21 36
49 22 40
49 23 57
49 24 43
49 25 39
49 26 56
49 27 47
49 28 48
49 29 59
49 30 43
49 31 58
49 32 45
49 33 37
49 34 55
49 35 38
49 36 45
49 37 46
49 38 57
49 39 55
49 40 42
49 41 37
49 42 51
49 43 55
49 44 38
49 45 42
49 46 53
49 47 49
49 48 53
49 49 0
49 50 53
49 51 54
49 52 38
49 53 48
49 54 38
49 55 46
49 56 53
49 57 51
49 58 52
49 59 43
49 60 45
49 61 48
49 62 57
49 63 41
49 64 60
49 65 37
50 1 44
50 2 43
50 3 36
50 4 40
50 5 60
50 6 40
50 7 60
50 8 57
50 9 60
50 10 47
50 11 52
50 12 36
50 13 36
50 14 37
50 15 36
50 16 58
50 17 58
50 18 43
50 19 36
50 20 38
50 21 51
50 22 46
50 23 49
50 24 47
50 25 44
50 26 39
50 27 35
50 28 40
50 29 38
50 30 58
50 31 52
50 32 44
50 33 50
50 34 54
50 35 57
50 36 40
50 37 52
50 38 59
50 39 44
50 40 59
50 41 57
50 42 42
50 43 42
50 44 42
50 45 38
50 46 59
50 47 50
50 48 53
50 49 47
50 50 0
50 51 48
50 52 36
50 53 46
50 54 44
50 55 45
50 56 43
50 57 45
50 58 60
50 59 36
50 60 59
50 61 59
50 62 48
50 63 40
50 64 43
50 65 58
51 1 51
51 2 52
51 3 42
51 4 50
51 5 57
51 6 59
51 7 40
51 8 36
51 9 52
51 10 56
51 11 36
51 12 57
51 13 60
51 14 38
51 15 41
51 16 50
51 17 45
51 18 37
51 19 38
51 20 57
51 21 41
51 22 60
51 23 39
51 24 54
51 25 40
51 26 56
51 27 56
51 28 56
51 29 57
51 30 44
51 31 40
51 32 60
51 33 54
51 34 57
51 35 35
51 36 54
51 37 40
51 38 45
51 39 57
51 40 47
51 41 46
51 42 46
51 43 54
51 44 60
51 45 59
51 46 37
51 47 48
51 48 56
51 49 39
51 50 52
51 51 0
51 52 57
51 53 57
51 54 48
51 55 36
51 56 48
51 57 41
51 58 51
51 59 52
51 60 58
51 61 47
51 62 58
51 63 54
51 64 37
51 65 44
52 1 51
52 2 52
52 3 59
52 4 58
52 5 40
52 6 36
52 7 43
52 8 56
52 9 36
52 10 42
52 11 60
52 12 36
52 13 53
52 14 39
52 15 37
52 16 56
52 17 42
52 18 47
52 19 37
52 20 45
52 21 41
52 22 47
52 23 40
52 24 37
52 25 56
52 26 55
52 27 57
52 28 41
52 29 36
52 30 52
52 31 36
52 32 36
52 33 48
52 34 40
52 35 51
52 36 42
52 37 43
52 38 46
52 39 52
52 40 38
52 41 38
52 42 57
52 43 45
52 44 53
52 45 39
52 46 38
52 47 44
52 48 54
52 49 49
52 50 35
52 51 48
52 52 0
52 53 59
52 54 39
52 55 55
52 56 56
52 57 47
52 58 40
52 59 41
52 60 57
52 61 56
52 62 48
52 63 45
52 64 43
52 65 58
53 1 41
53 2 41
53 3 60
53 4 38
53 5 45
53 6 36
53 7 47
53 8 36
53 9 37
53 10 57
53 11 57
53 12 42
53 13 59
53 14 56
53 15 56
53 16 58
53 17 35
53 18 53
53 19 49
53 20 60
53 21 44
53 22 41
53 23 60
53 24 56
53 25 46
53 26 39
53 27 57
53 28 57
53 29 40
53 30 55
53 31 43
53 32 41
53 33 60
53 34 49
53 35 53
53 36 46
53 37 60
53 38 50
53 39 55
53 40 41
53 41 48
53 42 59
53 43 44
53 44 36
53 45 35
53 46 56
53 47 41
53 48 52
53 49 45
53 50 46
53 51 41
53 52 39
53 53 0
53 54 52
53 55 38
53 56 59
53 57 55
53 58 47
53 59 60
53 60 43
53 61 46
53 62 38
53 63 48
53 64 52
53 65 51
54 1 39
54 2 40
54 3 52
54 4 43
54 5 38
54 6 59
54 7 49
54 8 49
54 9 48
54 10 46
54 11 44
54 12 36
54 13 46
54 14 46
54 15 45
54 16 38
54 17 40
54 18 54
54 19 52
54 20 57
54 21 40
54 22 52
54 23 39
54 24 36
54 25 54
54 26 54
54 27 45
54 28 56
54 29 49
54 30 60
54 31 53
54 32 49
54 33 58
54 34 47
54 35 57
54 36 56
54 37 45
54 38 37
54 39 56
54 40 46
54 41 53
54 42 60
54 43 55
54 44 43
54 45 58
54 46 60
54 47 60
54 48 37
54 49 44
54 50 40
54 51 43
54 52 41
54 53 57
54 54 0
54 55 55
54 56 46
54 57 48
54 58 54
54 59 41
54 60 48
54 61 58
54 62 48
54 63 57
54 64 58
54 65 41
55 1 43
55 2 50
55 3 48
55 4 58
55 5 35
55 6 60
55 7 39
55 8 45
55 9 39
55 10 51
55 11 47
55 12 57
55 13 57
55 14 49
55 15 42
55 16 52
55 17 52
55 18 40
55 19 45
55 20 60
55 21 44
55 22 40
55 23 53
55 24 37
55 25 35
55 26 47
55 27 54
55 28 56
55 29 55
55 30 55
55 31 51
55 32 36
55 33 38
55 34 38
55 35 42
55 36 54
55 37 46
55 38 52
55 39 45
55 40 35
55 41 35
55 42 56
55 43 55
55 44 36
55 45 39
55 46 50
55 47 51
55 48 59
55 49 49
55 50 46
55 51 35
55 52 53
55 53 35
55 54 50
55 55 0
55 56 41
55 57 39
55 58 35
55 59 57
55 60 42
55 61 54
55 62 45
55 63 50
55 64 40
55 65 45
56 1 36
56 2 57
56 3 39
56 4 45
56 5 47
56 6 56
56 7 46
56 8 44
56 9 60
56 10 46
56 11 39
56 12 54
56 13 45
56 14 44
56 15 35
56 16 36
56 17 37
56 18 36
56 19 37
56 20 37
56 21 36
56 22 55
56 23 60
56 24 55
56 25 58
56 26 42
56 27 60
56 28 42
56 29 53
56 30 51
56 31 57
56 32 39
56 33 56
56 34 35
56 35 36
56 36 37
56 37 52
56 38 45
56 39 50
56 40 53
56 41 36
56 42 46
56 43 51
56 44 39
56 45 35
56 46 46
56 47 45
56 48 41
56 49 52
56 50 43
56 51 43
56 52 55
56 53 60
56 54 48
56 55 37
56 56 0
56 57 53
56 58 56
56 59 46
56 60 55
56 61 39
56 62 48
56 63 57
56 64 42
56 65 54
57 1 38
57 2 60
57 3 49
57 4 58
57 5 50
57 6 58
57 7 55
57 8 39
57 9 58
57 10 57
57 11 60
57 12 47
57 13 44
57 14 57
57 15 56
57 16 43
57 17 44
57 18 51
57 19 58
57 20 55
57 21 50
57 22 51
57 23 53
57 24 51
57 25 41
57 26 41
57 27 45
57 28 42
57 29 59
57 30 54
57 31 41
57 32 55
57 33 57
57 34 48
57 35 56
57 36 36
57 37 40
57 38 50
57 39 43
57 40 37
57 41 58
57 42 47
57 43 47
57 44 44
57 45 40
57 46 48
57 47 38
57 48 45
57 49 43
57 50 40
57 51 41
57 52 49
57 53 56
57 54 44
57 55 40
57 56 48
57 57 0
57 58 47
57 59 51
57 60 36
57 61 36
57 62 38
57 63 42
57 64 35
57 65 50
58 1 41
58 2 37
58 3 48
58 4 36
58 5 46
58 6 60
58 7 60
58 8 59
58 9 38
58 10 59
58 11 35
58 12 37
58 13 60
58 14 45
58 15 58
58 16 40
58 17 51
58 18 41
58 19 54
58 20 38
58 21 37
58 22 55
58 23 53
58 24 37
58 25 55
58 26 46
58 27 52
58 28 53
58 29 36
58 30 47
58 31 44
58 32 46
58 33 52
58 34 38
58 35 59
58 36 46
58 37 35
58 38 45
58 39 52
58 40 53
58 41 36
58 42 37
58 43 42
58 44 47
58 45 49
58 46 58
58 47 40
58 48 47
58 49 50
58 50 49
58 51 41
58 52 56
58 53 57
58 54 47
58 55 54
58 56 51
58 57 42
58 58 0
58 59 56
58 60 48
58 61 41
58 62 54
58 63 52
58 64 37
58 65 54
59 1 44
59 2 49
59 3 36
59 4 46
59 5 56
59 6 50
59 7 43
59 8 58
59 9 43
59 10 37
59 11 45
59 12 44
59 13 47
59 14 59
59 15 53
59 16 51
59 17 56
59 18 51
59 19 37
59 20 35
59 21 47
59 22 40
59 23 50
59 24 49
59 25 43
59 26 40
59 27 47
59 28 43
59 29 56
59 30 44
59 31 40
59 32 50
59 33 50
59 34 47
59 35 35
59 36 51
59 37 53
59 38 44
59 39 52
59 40 35
59 41 54
59 42 43
59 43 59
59 44 49
59 45 50
59 46 57
59 47 54
59 48 43
59 49 50
59 50 49
59 51 60
59 52 38
59 53 44
59 54 47
59 55 52
59 56 51
59 57 37
59 58 38
59 59 0
59 60 51
59 61 43
59 62 58
59 63 45
59 64 45
59 65 58
60 1 44
60 2 43
60 3 46
60 4 49
60 5 47
60 6 56
60 7 52
60 8 39
60 9 55
60 10 49
60 11 40
60 12 45
60 13 43
60 14 54
60 15 35
60 16 44
60 17 43
60 18 43
60 19 35
60 20 46
60 21 52
60 22 39
60 23 46
60 24 51
60 25 42
60 26 51
60 27 48
60 28 55
60 29 38
60 30 41
60 31 51
60 32 56
60 33 60
60 34 50
60 35 54
60 36 59
60 37 53
60 38 37
60 39 40
60 40 56
60 41 42
60 42 47
60 43 50
60 44 53
60 45 53
60 46 49
60 47 37
60 48 55
60 49 35
60 50 48
60 51 56
60 52 51
60 53 56
60 54 54
60 55 59
60 56 52
60 57 43
60 58 42
60 59 50
60 60 0
60 61 47
60 62 47
60 63 51
60 64 37
60 65 38
61 1 46
61 2 60
61 3 41
61 4 53
61 5 48
61 6 46
61 7 58
61 8 39
61 9 43
61 10 46
61 11 49
61 12 59
61 13 44
61 14 38
61 15 45
61 16 41
61 17 55
61 18 60
61 19 45
61 20 59
61 21 55
61 22 55
61 23 41
61 24 59
61 25 51
61 26 35
61 27 51
61 28 49
61 29 52
61 30 44
61 31 37
61 32 43
61 33 44
61 34 40
61 35 52
61 36 56
61 37 42
61 38 56
61 39 60
61 40 60
61 41 52
61 42 43
61 43 36
61 44 51
61 45 49
61 46 55
61 47 40
61 48 57
61 49 36
61 50 52
61 51 43
61 52 52
61 53 44
61 54 43
61 55 59
61 56 46
61 57 51
61 58 49
61 59 39
61 60 52
61 61 0
61 62 47
61 63 35
61 64 53
61 65 38
62 1 58
62 2 47
62 3 45
62 4 47
62 5 58
62 6 48
62 7 37
62 8 35
62 9 40
62 10 45
62 11 55
62 12 40
62 13 56
62 14 47
62 15 44
62 16 59
62 17 49
62 18 53
62 19 48
62 20 51
62 21 48
62 22 43
62 23 51
62 24 54
62 25 40
62 26 37
62 27 43
62 28 49
62 29 46
62 30 49
62 31 48
62 32 56
62 33 58
62 34 58
62 35 36
62 36 44
62 37 45
62 38 37
62 39 43
62 40 54
62 41 43
62 42 35
62 43 43
62 44 54
62 45 39
62 46 48
62 47 49
62 48 59
62 49 47
62 50 58
62 51 59
62 52 57
62 53 44
62 54 58
62 55 60
62 56 45
62 57 44
62 58 50
62 59 44
62 60 47
62 61 46
62 62 0
62 63 54
62 64 39
62 65 50
63 1 41
63 2 56
63 3 46
63 4 43
63 5 48
63 6 47
63 7 54
63 8 47
63 9 43
63 10 58
63 11 53
63 12 53
63 13 37
63 14 59
63 15 50
63 16 53
63 17 41
63 18 40
63 19 59
63 20 59
63 21 47
63 22 52
63 23 49
63 24 57
63 25 58
63 26 55
63 27 38
63 28 36
63 29 47
63 30 36
63 31 45
63 32 57
63 33 52
63 34 60
63 35 51
63 36 46
63 37 48
63 38 52
63 39 35
63 40 40
63 41 46
63 42 59
63 43 56
63 44 41
63 45 51
63 46 58
63 47 50
63 48 50
63 49 58
63 50 36
63 51 49
63 52 35
63 53 58
63 54 52
63 55 35
63 56 49
63 57 52
63 58 47
63 59 43
63 60 54
63 61 42
63 62 49
63 63 0
63 64 41
63 65 41
64 1 48
64 2 55
64 3 42
64 4 55
64 5 47
64 6 51
64 7 56
64 8 60
64 9 36
64 10 59
64 11 56
64 12 39
64 13 49
64 14 48
64 15 35
64 16 60
64 17 55
64 18 53
64 19 51
64 20 42
64 21 38
64 22 44
64 23 60
64 24 43
64 25 49
64 26 57
64 27 53
64 28 37
64 29 57
64 30 46
64 31 43
64 32 56
64 33 40
64 34 41
64 35 49
64 36 47
64 37 51
64 38 38
64 39 40
64 40 47
64 41 57
64 42 40
64 43 48
64 44 40
64 45 36
64 46 58
64 47 44
64 48 46
64 49 45
64 50 59
64 51 45
64 52 36
64 53 43
64 54 55
64 55 43
64 56 47
64 57 59
64 58 53
64 59 49
64 60 46
64 61 46
64 62 58
64 63 50
64 64 0
64 65 56
65 1 54
65 2 52
65 3 42
65 4 49
65 5 50
65 6 47
65 7 57
65 8 52
65 9 45
65 10 41
65 11 48
65 12 53
65 13 51
65 14 43
65 15 47
65 16 49
65 17 46
65 18 52
65 19 54
65 20 58
65 21 41
65 22 43
65 23 56
65 24 44
65 25 59
65 26 38
65 27 45
65 28 40
65 29 43
65 30 42
65 31 60
65 32 36
65 33 41
65 34 49
65 35 39
65 36 47
65 37 59
65 38 36
65 39 40
65 40 37
65 41 37
65 42 60
65 43 50
65 44 41
65 45 44
65 46 42
65 47 46
65 48 51
65 49 56
65 50 49
65 51 48
65 52 47
65 53 53
65 54 38
65 55 36
65 56 48
65 57 41
65 58 56
65 59 54
65 60 41
65 61 44
65 62 53
65 63 44
65 64 41
65 65 0
;
param Rinit :=
1 1 0
1 2 0
1 3 0
1 4 0
1 5 0
1 6 0
1 7 0
1 8 0
1 9 0
1 10 0
1 11 0
1 12 0
1 13 0
65 1 0
65 2 0
65 3 0
65 4 0
65 5 0
65 6 0
65 7 0
65 8 0
65 9 0
65 10 0
65 11 0
65 12 0
65 13 0
;
param f :=
1 1
2 2
3 3
4 4
;