param sigma
: 1 2 :=
1	1e-05	0.99999
2	0.1	0.9
3	0.2	0.8
4	0.3	0.7
5	0.4	0.6
6	0.5	0.5
7	0.6	0.4
8	0.7	0.3
9	0.8	0.2
10	0.9	0.1
11	0.99999	1e-05
;

set O := 1 20;
set R := 2 3 4 5 6 7 8 9 10 11 12 13 14 15 16 17 18 19;
set S := -1 -20;
set K := 1 2 3 4 5 6 7 8;
param b := 11;
param theta := 40.0;
param peso_vacio := 3500;
param alpha :=
0 0
1 0
2 0
3 0
4 0
;
param beta :=
0 0.2
1 -0.1
2 0
3 0
4 0
;
param gamma :=
0 16.4
1 2.2
2 2.2
3 0.6
4 0.4
;
param delta :=
0 0
1 0
2 0
3 0
4 0
;
param epsilon :=
0 0.3
1 0
2 0
3 0
4 0
;
param zeta :=
0 2.4
1 2.5
2 1.3
3 4.5
4 3.3
;
param hta :=
0 1
1 1
2 1
3 1
4 1
;
param dm :=
1 0
2 3
3 2
4 1
5 3
6 2
7 1
8 3
9 2
10 1
11 3
12 2
13 1
14 3
15 2
16 1
17 3
18 2
19 1
20 0
;
param d :=
1 1 0.00
1 2 0.43
1 3 1.48
1 4 2.66
1 5 1.03
1 6 0.81
1 7 1.59
1 8 2.21
1 9 2.21
1 10 2.54
1 11 2.80
1 12 3.26
1 13 3.87
1 14 2.64
1 15 3.48
1 16 4.42
1 17 1.77
1 18 2.82
1 19 3.94
1 20 2.69
2 1 0.43
2 2 0.00
2 3 1.07
2 4 2.24
2 5 1.41
2 6 1.18
2 7 1.67
2 8 2.45
2 9 2.58
2 10 2.97
2 11 2.83
2 12 3.41
2 13 4.12
2 14 2.45
2 15 3.38
2 16 4.38
2 17 1.41
2 18 2.48
2 19 3.63
2 20 2.66
3 1 1.48
3 2 1.07
3 3 0.00
3 4 1.18
3 5 2.48
3 6 2.09
3 7 2.04
3 8 3.38
3 9 3.63
3 10 4.02
3 11 3.41
3 12 4.19
3 13 5.04
3 14 2.58
3 15 3.63
3 16 4.76
3 17 1.18
3 18 2.10
3 19 3.26
3 20 3.13
4 1 2.66
4 2 2.24
4 3 1.18
4 4 0.00
4 5 3.63
4 6 3.26
4 7 3.00
4 8 4.38
4 9 4.76
4 10 5.20
4 11 4.12
4 12 5.04
4 13 6.00
4 14 2.97
4 15 4.02
4 16 5.20
4 17 1.67
4 18 2.04
4 19 3.00
4 20 3.77
5 1 1.03
5 2 1.41
5 3 2.48
5 4 3.63
5 5 0.00
5 6 1.07
5 7 2.24
5 8 1.41
5 9 1.18
5 10 1.67
5 11 2.45
5 12 2.58
5 13 2.97
5 14 2.83
5 15 3.41
5 16 4.12
5 17 2.45
5 18 3.38
5 19 4.38
5 20 2.51
6 1 0.81
6 2 1.18
6 3 2.09
6 4 3.26
6 5 1.07
6 6 0.00
6 7 1.18
6 8 2.48
6 9 2.10
6 10 2.04
6 11 3.38
6 12 3.63
6 13 4.02
6 14 3.41
6 15 4.19
6 16 5.04
6 17 2.58
6 18 3.63
6 19 4.76
6 20 3.34
7 1 1.59
7 2 1.67
7 3 2.04
7 4 3.00
7 5 2.24
7 6 1.18
7 7 0.00
7 8 3.63
7 9 3.26
7 10 3.00
7 11 4.38
7 12 4.76
7 13 5.20
7 14 4.12
7 15 5.04
7 16 6.00
7 17 2.97
7 18 4.02
7 19 5.20
7 20 4.27
8 1 2.21
8 2 2.45
8 3 3.38
8 4 4.38
8 5 1.41
8 6 2.48
8 7 3.63
8 8 0.00
8 9 1.07
8 10 2.24
8 11 1.41
8 12 1.18
8 13 1.67
8 14 2.45
8 15 2.58
8 16 2.97
8 17 2.83
8 18 3.41
8 19 4.12
8 20 1.68
9 1 2.21
9 2 2.58
9 3 3.63
9 4 4.76
9 5 1.18
9 6 2.10
9 7 3.26
9 8 1.07
9 9 0.00
9 10 1.18
9 11 2.48
9 12 2.10
9 13 2.04
9 14 3.38
9 15 3.63
9 16 4.02
9 17 3.41
9 18 4.19
9 19 5.04
9 20 2.72
10 1 2.54
10 2 2.97
10 3 4.02
10 4 5.20
10 5 1.67
10 6 2.04
10 7 3.00
10 8 2.24
10 9 1.18
10 10 0.00
10 11 3.63
10 12 3.26
10 13 3.00
10 14 4.38
10 15 4.76
10 16 5.20
10 17 4.12
10 18 5.04
10 19 6.00
10 20 3.84
11 1 2.80
11 2 2.83
11 3 3.41
11 4 4.12
11 5 2.45
11 6 3.38
11 7 4.38
11 8 1.41
11 9 2.48
11 10 3.63
11 11 0.00
11 12 1.07
11 13 2.24
11 14 1.41
11 15 1.18
11 16 1.67
11 17 2.45
11 18 2.58
11 19 2.97
11 20 0.43
12 1 3.26
12 2 3.41
12 3 4.19
12 4 5.04
12 5 2.58
12 6 3.63
12 7 4.76
12 8 1.18
12 9 2.10
12 10 3.26
12 11 1.07
12 12 0.00
12 13 1.18
12 14 2.48
12 15 2.09
12 16 2.04
12 17 3.38
12 18 3.63
12 19 4.02
12 20 1.50
13 1 3.87
13 2 4.12
13 3 5.04
13 4 6.00
13 5 2.97
13 6 4.02
13 7 5.20
13 8 1.67
13 9 2.04
13 10 3.00
13 11 2.24
13 12 1.18
13 13 0.00
13 14 3.63
13 15 3.26
13 16 3.00
13 17 4.38
13 18 4.76
13 19 5.20
13 20 2.66
14 1 2.64
14 2 2.45
14 3 2.58
14 4 2.97
14 5 2.83
14 6 3.41
14 7 4.12
14 8 2.45
14 9 3.38
14 10 4.38
14 11 1.41
14 12 2.48
14 13 3.63
14 14 0.00
14 15 1.07
14 16 2.24
14 17 1.41
14 18 1.18
14 19 1.67
14 20 0.99
15 1 3.48
15 2 3.38
15 3 3.63
15 4 4.02
15 5 3.41
15 6 4.19
15 7 5.04
15 8 2.58
15 9 3.63
15 10 4.76
15 11 1.18
15 12 2.09
15 13 3.26
15 14 1.07
15 15 0.00
15 16 1.18
15 17 2.48
15 18 2.10
15 19 2.04
15 20 0.92
16 1 4.42
16 2 4.38
16 3 4.76
16 4 5.20
16 5 4.12
16 6 5.04
16 7 6.00
16 8 2.97
16 9 4.02
16 10 5.20
16 11 1.67
16 12 2.04
16 13 3.00
16 14 2.24
16 15 1.18
16 16 0.00
16 17 3.63
16 18 3.26
16 19 3.00
16 20 1.73
17 1 1.77
17 2 1.41
17 3 1.18
17 4 1.67
17 5 2.45
17 6 2.58
17 7 2.97
17 8 2.83
17 9 3.41
17 10 4.12
17 11 2.45
17 12 3.38
17 13 4.38
17 14 1.41
17 15 2.48
17 16 3.63
17 17 0.00
17 18 1.07
17 19 2.24
17 20 2.10
18 1 2.82
18 2 2.48
18 3 2.10
18 4 2.04
18 5 3.38
18 6 3.63
18 7 4.02
18 8 3.41
18 9 4.19
18 10 5.04
18 11 2.58
18 12 3.63
18 13 4.76
18 14 1.18
18 15 2.10
18 16 3.26
18 17 1.07
18 18 0.00
18 19 1.18
18 20 2.15
19 1 3.94
19 2 3.63
19 3 3.26
19 4 3.00
19 5 4.38
19 6 4.76
19 7 5.20
19 8 4.12
19 9 5.04
19 10 6.00
19 11 2.97
19 12 4.02
19 13 5.20
19 14 1.67
19 15 2.04
19 16 3.00
19 17 2.24
19 18 1.18
19 19 0.00
19 20 2.56
20 1 2.69
20 2 2.66
20 3 3.13
20 4 3.77
20 5 2.51
20 6 3.34
20 7 4.27
20 8 1.68
20 9 2.72
20 10 3.84
20 11 0.43
20 12 1.50
20 13 2.66
20 14 0.99
20 15 0.92
20 16 1.73
20 17 2.10
20 18 2.15
20 19 2.56
20 20 0.00
;
param v :=
1 1 0
1 2 35
1 3 44
1 4 37
1 5 38
1 6 53
1 7 55
1 8 59
1 9 54
1 10 55
1 11 60
1 12 60
1 13 53
1 14 48
1 15 44
1 16 57
1 17 37
1 18 50
1 19 46
1 20 38
2 1 50
2 2 0
2 3 46
2 4 53
2 5 43
2 6 39
2 7 35
2 8 44
2 9 47
2 10 45
2 11 48
2 12 55
2 13 45
2 14 54
2 15 53
2 16 54
2 17 51
2 18 38
2 19 35
2 20 53
3 1 55
3 2 40
3 3 0
3 4 59
3 5 51
3 6 54
3 7 39
3 8 35
3 9 35
3 10 56
3 11 54
3 12 38
3 13 51
3 14 53
3 15 52
3 16 38
3 17 51
3 18 50
3 19 59
3 20 41
4 1 38
4 2 36
4 3 55
4 4 0
4 5 35
4 6 36
4 7 50
4 8 38
4 9 53
4 10 60
4 11 60
4 12 43
4 13 57
4 14 57
4 15 42
4 16 54
4 17 55
4 18 53
4 19 60
4 20 43
5 1 46
5 2 43
5 3 59
5 4 48
5 5 0
5 6 38
5 7 39
5 8 50
5 9 52
5 10 48
5 11 43
5 12 57
5 13 48
5 14 43
5 15 39
5 16 52
5 17 47
5 18 53
5 19 60
5 20 57
6 1 58
6 2 51
6 3 51
6 4 54
6 5 35
6 6 0
6 7 49
6 8 36
6 9 58
6 10 36
6 11 36
6 12 60
6 13 50
6 14 40
6 15 42
6 16 45
6 17 56
6 18 37
6 19 46
6 20 48
7 1 54
7 2 42
7 3 36
7 4 56
7 5 46
7 6 57
7 7 0
7 8 52
7 9 43
7 10 58
7 11 54
7 12 38
7 13 35
7 14 56
7 15 48
7 16 41
7 17 57
7 18 46
7 19 36
7 20 54
8 1 48
8 2 59
8 3 45
8 4 47
8 5 48
8 6 56
8 7 42
8 8 0
8 9 42
8 10 48
8 11 57
8 12 57
8 13 47
8 14 59
8 15 36
8 16 46
8 17 38
8 18 57
8 19 42
8 20 59
9 1 39
9 2 36
9 3 49
9 4 53
9 5 55
9 6 53
9 7 43
9 8 50
9 9 0
9 10 50
9 11 37
9 12 57
9 13 60
9 14 37
9 15 38
9 16 46
9 17 36
9 18 57
9 19 42
9 20 42
10 1 55
10 2 57
10 3 43
10 4 35
10 5 59
10 6 47
10 7 57
10 8 56
10 9 42
10 10 0
10 11 53
10 12 41
10 13 42
10 14 57
10 15 60
10 16 48
10 17 37
10 18 39
10 19 36
10 20 35
11 1 53
11 2 60
11 3 59
11 4 49
11 5 48
11 6 46
11 7 53
11 8 48
11 9 60
11 10 37
11 11 0
11 12 53
11 13 43
11 14 47
11 15 42
11 16 57
11 17 53
11 18 49
11 19 59
11 20 44
12 1 58
12 2 53
12 3 40
12 4 43
12 5 46
12 6 41
12 7 52
12 8 55
12 9 60
12 10 60
12 11 58
12 12 0
12 13 59
12 14 47
12 15 55
12 16 47
12 17 39
12 18 46
12 19 42
12 20 38
13 1 50
13 2 59
13 3 40
13 4 48
13 5 54
13 6 57
13 7 38
13 8 38
13 9 54
13 10 53
13 11 43
13 12 43
13 13 0
13 14 35
13 15 54
13 16 48
13 17 49
13 18 45
13 19 59
13 20 60
14 1 51
14 2 57
14 3 38
14 4 40
14 5 38
14 6 36
14 7 53
14 8 45
14 9 37
14 10 60
14 11 46
14 12 52
14 13 40
14 14 0
14 15 51
14 16 58
14 17 60
14 18 55
14 19 36
14 20 39
15 1 43
15 2 58
15 3 55
15 4 52
15 5 47
15 6 55
15 7 46
15 8 52
15 9 53
15 10 49
15 11 51
15 12 36
15 13 42
15 14 51
15 15 0
15 16 55
15 17 59
15 18 50
15 19 56
15 20 41
16 1 58
16 2 38
16 3 54
16 4 39
16 5 60
16 6 53
16 7 41
16 8 52
16 9 49
16 10 43
16 11 43
16 12 56
16 13 52
16 14 37
16 15 46
16 16 0
16 17 35
16 18 40
16 19 41
16 20 50
17 1 57
17 2 44
17 3 49
17 4 38
17 5 47
17 6 50
17 7 36
17 8 59
17 9 37
17 10 35
17 11 45
17 12 56
17 13 37
17 14 36
17 15 47
17 16 38
17 17 0
17 18 46
17 19 56
17 20 36
18 1 43
18 2 38
18 3 44
18 4 59
18 5 53
18 6 36
18 7 50
18 8 41
18 9 36
18 10 46
18 11 55
18 12 59
18 13 36
18 14 36
18 15 54
18 16 44
18 17 35
18 18 0
18 19 44
18 20 37
19 1 58
19 2 59
19 3 52
19 4 56
19 5 37
19 6 36
19 7 38
19 8 36
19 9 49
19 10 43
19 11 49
19 12 48
19 13 39
19 14 52
19 15 53
19 16 53
19 17 39
19 18 46
19 19 0
19 20 51
20 1 48
20 2 38
20 3 37
20 4 39
20 5 44
20 6 58
20 7 49
20 8 47
20 9 48
20 10 42
20 11 44
20 12 57
20 13 38
20 14 50
20 15 56
20 16 35
20 17 54
20 18 39
20 19 56
20 20 0
;