------  Instance11b.dat ------	

3.019000e+01	1.290970e+00	0.000000e+00	0.000000e+00	0.000000e+00	0.000000e+00	1	3.233618e-01
9 8 -1 5 10 -2 4 3 -3 7 6 2 -4 
2.970000e+01	1.491476e+00	0.000000e+00	0.000000e+00	0.000000e+00	0.000000e+00	1	1.046738e-01
10 9 8 -1 5 -2 4 3 -3 7 6 2 -4 

2.498000e+01	1.159011e+00	0.000000e+00	0.000000e+00	0.000000e+00	0.000000e+00	1	1.000000e+14
10 9 8 -1 7 6 5 -2 4 3 2 -3 
2.499000e+01	1.134521e+00	0.000000e+00	0.000000e+00	0.000000e+00	0.000000e+00	1	1.000000e+14
9 8 10 -1 7 6 5 -2 4 3 2 -3 

------  Instance20b.dat ------	

3.654000e+01	1.554121e+00	0.000000e+00	0.000000e+00	0.000000e+00	0.000000e+00	1	1.000000e+14
6 2 3 -1 8 12 13 -2 5 9 10 -3 7 4 19 18 17 -4 14 16 15 11 -5 
3.572000e+01	1.583226e+00	0.000000e+00	0.000000e+00	0.000000e+00	0.000000e+00	1	1.000000e+14
6 3 2 -1 8 12 13 -2 5 9 10 -3 7 4 19 18 17 -4 14 15 16 11 -5 

------  Instance26b.dat ------	

5.804000e+01	3.043636e+00	0.000000e+00	0.000000e+00	0.000000e+00	0.000000e+00	1	1.627566e-01
8 12 16 11 -1 21 20 24 23 -2 13 10 9 5 -3 3 2 6 -4 22 19 18 15 14 -5 4 7 -6 17 25 -7 
6.018000e+01	2.867772e+00	0.000000e+00	0.000000e+00	0.000000e+00	0.000000e+00	1	1.504930e-01
8 12 16 11 -1 21 20 24 23 -2 13 10 9 5 -3 3 2 6 -4 22 19 18 15 14 -5 4 25 7 -6 17 -7 

6.312000e+01	2.795416e+00	0.000000e+00	0.000000e+00	0.000000e+00	0.000000e+00	1	1.000000e+14
5 9 8 -1 12 19 14 -2 15 16 13 11 -3 18 17 20 -4 22 4 6 10 -5 25 21 24 7 -6 23 3 2 -7 

5.570000e+01	2.937182e+00	0.000000e+00	0.000000e+00	0.000000e+00	0.000000e+00	1	2.965649e-01
20 17 8 -1 5 2 23 -2 13 15 16 11 -3 12 19 18 14 -4 25 21 22 -5 10 9 6 -6 4 24 3 7 -7 
5.826000e+01	2.638878e+00	0.000000e+00	0.000000e+00	0.000000e+00	0.000000e+00	1	1.425781e-01
17 25 -1 9 5 2 23 -2 13 15 16 11 -3 12 19 18 14 -4 20 21 22 -5 10 8 6 -6 4 3 24 7 -7 

5.625000e+01	2.587250e+00	0.000000e+00	0.000000e+00	0.000000e+00	0.000000e+00	1	0.000000e+00
17 20 23 -1 13 12 11 14 -2 8 5 -3 18 19 22 21 -4 24 25 4 3 2 -5 10 6 7 -6 16 15 9 -7 

------  Instance38b.dat ------	

1.886800e+02	8.933726e+00	0.000000e+00	0.000000e+00	0.000000e+00	0.000000e+00	1	1.000000e+14
3 2 4 -1 7 10 9 16 17 18 -2 13 15 14 -3 21 34 32 -4 29 31 6 -5 12 28 27 19 -6 8 33 35 37 36 30 -7 11 5 -8 25 26 22 20 -9 23 24 -10 
1.885800e+02	9.977862e+00	0.000000e+00	0.000000e+00	0.000000e+00	0.000000e+00	1	1.000000e+14
3 2 4 -1 6 10 9 16 17 18 -2 13 12 5 -3 20 36 37 32 -4 29 31 7 -5 15 26 27 28 19 -6 8 35 34 33 30 -7 11 14 -8 25 23 22 21 -9 24 -10 

1.844500e+02	9.285129e+00	0.000000e+00	0.000000e+00	0.000000e+00	0.000000e+00	1	1.000000e+14
11 14 13 -1 36 37 27 28 26 24 30 -2 17 12 3 -3 31 32 33 5 -4 2 29 4 -5 20 21 22 -6 6 7 8 10 9 -7 15 16 18 19 -8 23 25 35 34 -9 
1.883300e+02	8.900793e+00	0.000000e+00	0.000000e+00	0.000000e+00	0.000000e+00	1	1.000000e+14
11 14 13 -1 36 37 27 28 26 24 30 -2 29 17 12 -3 3 31 32 33 -4 5 2 4 -5 20 21 22 -6 6 7 8 10 9 -7 15 16 18 19 -8 23 25 35 34 -9 

1.857500e+02	7.975959e+00	0.000000e+00	0.000000e+00	0.000000e+00	0.000000e+00	1	1.000000e+14
31 34 37 35 36 -1 11 25 12 -2 5 19 18 17 -3 21 20 2 -4 29 30 10 -5 33 32 13 15 -6 6 4 8 9 7 -7 3 14 16 -8 23 24 28 27 26 22 -9 
1.836600e+02	8.008951e+00	0.000000e+00	0.000000e+00	0.000000e+00	0.000000e+00	1	1.000000e+14
31 34 37 35 36 -1 11 25 12 -2 5 19 18 17 -3 21 20 2 -4 29 30 10 -5 33 32 13 15 -6 6 7 8 9 4 -7 3 14 16 -8 23 24 28 27 26 22 -9 

1.788100e+02	9.931177e+00	0.000000e+00	0.000000e+00	0.000000e+00	0.000000e+00	1	1.000000e+14
24 22 4 -1 31 29 30 -2 7 9 8 10 6 5 -3 2 11 3 -4 13 12 18 19 -5 14 16 17 15 -6 37 36 35 34 33 32 -7 26 21 20 -8 23 28 27 25 -9 

------  Instance53b.dat ------	

5.278000e+02	2.573459e+01	0.000000e+00	0.000000e+00	0.000000e+00	0.000000e+00	1	1.000000e+14
16 18 41 49 40 12 -1 8 14 9 4 -2 51 47 43 22 52 50 48 -3 10 3 2 -4 6 46 44 42 17 15 -5 5 24 25 34 35 -6 20 26 7 -7 36 39 45 -8 23 28 38 11 -9 13 31 30 29 27 33 32 -10 21 19 37 -11 
5.275300e+02	2.595665e+01	0.000000e+00	0.000000e+00	0.000000e+00	0.000000e+00	1	1.000000e+14
16 18 41 49 40 12 -1 8 14 9 4 -2 51 47 43 22 52 50 48 -3 10 3 2 -4 6 46 44 42 17 15 -5 5 24 25 34 35 -6 20 26 7 -7 36 45 39 -8 23 28 38 11 -9 13 31 30 29 27 33 32 -10 21 19 37 -11 

5.536800e+02	2.481762e+01	0.000000e+00	0.000000e+00	0.000000e+00	0.000000e+00	1	5.000000e-01
43 46 50 45 47 13 -1 36 25 35 30 33 34 11 -2 16 17 3 5 24 -3 38 42 39 12 -4 7 2 19 -5 21 28 27 26 15 -6 4 37 18 41 -7 14 49 52 51 6 8 10 -8 40 22 23 29 -9 44 48 31 32 20 -10 9 -11 

5.240500e+02	2.391007e+01	0.000000e+00	0.000000e+00	0.000000e+00	0.000000e+00	1	0.000000e+00
24 26 4 -1 6 41 40 13 17 -2 38 39 22 -3 7 8 12 10 -4 20 27 34 33 35 11 -5 37 42 43 44 -6 19 46 50 49 21 -7 9 47 36 18 15 -8 25 28 29 5 -9 3 2 14 16 -10 48 52 51 31 32 30 23 45 -11 

------  Instance65b.dat ------	

8.295300e+02	4.092755e+01	0.000000e+00	0.000000e+00	0.000000e+00	0.000000e+00	1	0.000000e+00
5 50 47 54 -1 35 24 29 31 19 -2 45 53 51 56 63 61 -3 37 39 2 6 -4 4 55 57 26 38 43 -5 12 21 22 10 11 14 17 -6 48 44 15 18 -7 9 3 62 33 42 -8 59 64 32 36 40 41 30 13 -9 46 27 28 16 20 -10 34 25 23 -11 7 58 60 49 52 -12 8 -13 
8.579800e+02	4.067815e+01	0.000000e+00	0.000000e+00	0.000000e+00	0.000000e+00	1	1.000000e+14
5 50 47 54 -1 35 24 29 31 19 -2 17 53 51 56 63 61 37 39 -3 2 6 4 -4 55 57 26 38 43 12 21 22 -5 10 11 14 45 -6 48 44 15 18 -7 9 3 62 33 42 -8 59 64 32 36 41 30 13 -9 46 27 28 16 20 -10 40 34 25 23 -11 7 58 60 49 52 -12 8 -13 

8.030900e+02	4.331587e+01	0.000000e+00	0.000000e+00	0.000000e+00	0.000000e+00	1	0.000000e+00
55 49 38 37 41 42 9 -1 44 51 47 -2 6 10 8 12 -3 5 11 13 18 -4 45 61 60 57 64 56 -5 26 14 17 21 62 63 58 59 20 -6 23 24 31 36 -7 29 27 52 -8 2 25 7 -9 54 53 39 4 15 -10 34 30 28 33 -11 46 50 48 -12 3 32 35 40 43 22 19 16 -13 

9.134200e+02	3.982738e+01	0.000000e+00	0.000000e+00	0.000000e+00	0.000000e+00	1	1.000000e+14
41 63 27 50 49 -1 10 39 36 28 25 -2 4 33 32 3 -3 20 11 30 34 62 55 13 -4 9 37 29 40 43 58 56 -5 8 6 7 12 -6 26 5 2 -7 54 61 45 60 57 14 -8 35 31 24 53 -9 46 48 51 -10 52 47 59 64 16 -11 23 44 21 19 22 18 -12 38 42 17 15 -13 

------  Instance80b.dat ------	

6.098200e+02	2.730574e+01	0.000000e+00	0.000000e+00	0.000000e+00	0.000000e+00	1	1.000000e+14
24 20 64 46 48 50 -1 13 58 56 14 8 -2 54 60 36 23 7 -3 5 35 34 37 39 38 32 -4 61 31 29 19 -5 6 10 4 27 25 -6 15 51 21 3 -7 47 45 17 22 40 -8 12 11 18 16 33 26 -9 9 62 63 2 -10 66 65 49 44 42 43 -11 53 52 55 57 30 -12 28 59 41 -13 
5.973300e+02	2.864438e+01	0.000000e+00	0.000000e+00	0.000000e+00	0.000000e+00	1	1.000000e+14
24 59 64 46 48 50 -1 13 58 56 14 8 -2 54 60 36 23 7 -3 5 35 34 37 39 38 32 -4 61 31 29 18 -5 6 10 4 27 25 -6 15 51 28 3 -7 47 45 17 22 40 -8 12 11 19 33 26 -9 41 62 63 2 -10 66 65 49 44 42 43 -11 53 52 55 57 16 -12 30 21 20 9 -13 

5.682800e+02	2.547419e+01	0.000000e+00	0.000000e+00	0.000000e+00	0.000000e+00	1	5.000000e-01
8 7 3 2 -1 24 22 21 23 25 10 -2 43 57 27 26 -3 33 49 66 46 64 9 -4 28 61 56 -5 41 42 48 44 -6 14 11 54 62 55 -7 47 51 30 20 19 -8 16 12 13 6 -9 50 52 39 40 35 63 60 59 -10 17 15 4 -11 32 31 53 45 29 -12 65 37 36 38 34 18 5 -13 58 -14 
5.630700e+02	2.557994e+01	0.000000e+00	0.000000e+00	0.000000e+00	0.000000e+00	1	5.000000e-01
8 7 3 2 -1 24 22 21 23 25 10 -2 43 57 55 27 26 -3 33 49 66 46 64 9 -4 19 28 61 56 -5 41 42 48 44 -6 14 11 54 62 5 -7 18 47 51 30 20 -8 16 12 13 6 -9 50 52 39 40 35 63 60 59 -10 17 15 4 -11 32 31 53 45 29 -12 65 58 37 36 38 34 -13 

5.573300e+02	2.765187e+01	0.000000e+00	0.000000e+00	0.000000e+00	0.000000e+00	1	1.000000e+14
63 65 46 49 23 24 25 26 27 -1 2 13 14 5 8 9 -2 39 30 33 31 -3 4 60 61 7 6 -4 3 44 50 29 -5 12 59 54 28 -6 42 22 19 -7 62 45 57 56 -8 15 16 11 10 -9 36 53 52 66 47 43 64 58 -10 21 32 48 51 34 -11 17 38 40 55 41 -12 20 18 37 35 -13 

------  Instance95b.dat ------	

1.734910e+03	8.672644e+01	0.000000e+00	0.000000e+00	0.000000e+00	0.000000e+00	1	1.000000e+14
4 74 75 76 -1 57 41 50 40 31 -2 34 36 3 -3 15 19 26 25 18 47 -4 38 46 55 52 8 -5 37 43 78 80 -6 51 62 44 65 -7 6 81 90 93 64 -8 16 91 82 84 88 72 -9 7 68 69 -10 12 39 77 94 89 87 86 -11 54 73 67 42 -12 9 61 59 58 63 17 14 -13 2 53 66 32 -14 35 33 83 45 -15 30 28 21 27 24 11 49 56 60 -16 71 5 23 48 92 85 -17 10 13 20 22 29 -18 70 79 -19 
1.798770e+03	8.670450e+01	0.000000e+00	0.000000e+00	0.000000e+00	0.000000e+00	1	1.000000e+14
16 74 75 76 57 -1 41 50 40 31 -2 34 36 3 -3 15 19 26 25 18 47 -4 38 46 55 52 8 -5 37 43 78 80 -6 51 62 44 65 -7 6 81 90 93 64 -8 4 91 82 84 88 72 -9 7 68 69 -10 12 39 77 94 89 87 86 -11 54 73 67 42 -12 9 61 59 58 63 17 14 -13 2 53 66 32 -14 35 70 83 45 30 -15 28 21 27 24 11 49 56 60 -16 71 5 23 48 92 85 -17 10 13 20 22 29 -18 33 79 -19 

1.845110e+03	8.513162e+01	0.000000e+00	0.000000e+00	0.000000e+00	0.000000e+00	1	1.000000e+14
34 50 42 -1 33 81 78 89 91 92 90 -2 8 20 31 26 27 30 10 -3 5 62 70 46 -4 13 83 74 39 -5 7 23 25 47 35 -6 12 18 84 80 49 -7 9 94 36 60 6 -8 44 69 66 57 -9 4 14 22 77 -10 48 72 51 16 17 -11 11 82 93 85 79 88 53 -12 32 19 71 64 45 -13 21 24 15 28 29 63 56 54 52 -14 38 55 61 37 -15 68 87 86 40 -16 65 43 2 -17 3 59 58 41 76 -18 67 73 75 -19 

1.580230e+03	7.915509e+01	0.000000e+00	0.000000e+00	0.000000e+00	0.000000e+00	1	1.000000e+14
16 66 64 -1 11 12 9 19 -2 81 83 78 86 92 52 51 -3 68 77 70 -4 6 8 25 24 -5 69 72 67 -6 37 43 34 -7 45 40 61 58 7 -8 4 10 17 -9 71 65 91 80 79 -10 36 38 3 -11 75 87 21 27 85 82 62 59 -12 73 89 74 32 14 15 -13 50 49 33 35 -14 5 18 76 26 13 -15 20 28 90 94 93 88 84 31 29 44 53 54 -16 42 57 56 63 55 48 60 47 -17 23 22 30 41 46 39 -18 2 -19 

1.738570e+03	7.806700e+01	0.000000e+00	0.000000e+00	0.000000e+00	0.000000e+00	1	1.000000e+14
37 80 77 71 -1 56 47 36 46 -2 66 33 61 -3 2 74 75 83 88 -4 64 69 4 63 -5 27 25 30 70 72 11 -6 14 8 40 55 57 -7 20 28 19 5 67 -8 21 94 91 85 35 13 -9 45 26 49 59 52 44 -10 50 60 53 54 42 3 -11 73 15 65 31 24 -12 78 81 16 22 32 23 29 -13 68 87 82 89 92 90 93 84 79 -14 86 41 48 43 -15 38 39 18 17 58 -16 7 12 10 76 62 -17 9 51 34 -18 6 -19 

------  Instance126b.dat ------	

2.660350e+03	1.287442e+02	0.000000e+00	0.000000e+00	0.000000e+00	0.000000e+00	1	0.000000e+00
75 119 114 120 66 62 -1 109 29 56 89 92 85 121 115 39 -2 97 20 24 103 23 -3 73 26 18 16 27 101 -4 102 41 44 -5 2 10 21 -6 34 47 28 58 14 -7 6 65 86 80 -8 113 118 100 51 63 88 104 -9 67 36 94 90 84 32 22 -10 33 54 96 117 -11 46 48 43 55 99 -12 19 95 72 81 -13 38 68 8 -14 4 64 83 -15 98 79 69 25 53 -16 124 122 108 74 116 105 -17 12 13 7 -18 3 112 71 -19 5 17 11 70 -20 35 52 49 61 82 78 -21 59 57 50 31 30 106 60 45 15 -22 76 77 87 40 42 -23 37 111 107 110 123 125 91 93 -24 9 -25 
2.688760e+03	1.276590e+02	0.000000e+00	0.000000e+00	0.000000e+00	0.000000e+00	1	1.000000e+14
75 119 114 120 82 66 62 -1 109 29 56 89 92 85 121 115 39 -2 97 20 24 103 23 -3 73 26 18 16 5 -4 27 101 102 41 -5 44 2 10 21 -6 34 47 28 58 14 -7 6 65 86 80 -8 113 118 100 51 63 88 104 -9 67 36 94 90 84 32 22 -10 33 54 96 117 -11 46 48 43 55 99 -12 19 95 72 81 -13 38 68 8 -14 4 64 83 -15 98 79 69 25 53 -16 124 122 74 108 116 105 -17 12 13 7 -18 3 112 71 17 -19 11 9 70 -20 35 52 49 61 78 59 57 -21 50 31 30 106 60 45 15 -22 76 77 87 40 42 -23 37 111 107 110 123 125 91 93 -24 

2.569040e+03	1.300643e+02	0.000000e+00	0.000000e+00	0.000000e+00	0.000000e+00	1	3.885728e-01
18 3 41 43 -1 48 62 63 29 119 107 106 20 26 -2 78 90 84 104 114 92 -3 96 111 120 115 98 -4 59 55 69 67 94 93 49 -5 82 85 75 117 24 27 108 30 -6 58 54 4 83 86 124 110 -7 70 81 74 35 -8 25 37 5 -9 2 95 -10 64 122 99 71 -11 11 50 116 16 10 -12 112 113 13 34 -13 15 17 61 47 45 56 -14 21 101 100 44 -15 73 9 12 28 22 -16 8 121 118 19 72 -17 38 79 87 36 -18 42 77 51 57 60 53 -19 40 68 80 39 -20 52 23 32 97 14 -21 103 102 105 -22 33 109 31 7 -23 6 46 66 -24 65 89 123 88 76 125 91 -25 
2.552470e+03	1.317436e+02	0.000000e+00	0.000000e+00	0.000000e+00	0.000000e+00	1	1.000000e+14
18 41 3 43 -1 57 62 63 29 119 107 106 20 26 -2 78 90 84 104 114 92 -3 96 111 120 115 98 -4 59 55 69 67 94 93 49 -5 82 85 75 117 24 27 108 30 -6 58 54 4 83 86 124 110 -7 70 81 74 35 -8 25 37 5 -9 2 95 -10 64 122 99 71 -11 11 50 116 16 10 -12 112 113 13 34 -13 15 17 61 47 45 56 -14 101 100 44 -15 73 9 12 28 22 -16 8 121 118 19 72 -17 38 79 87 77 42 -18 36 51 48 60 53 -19 40 68 80 39 -20 52 23 21 32 97 14 -21 103 102 105 -22 33 109 31 7 -23 6 46 66 -24 65 89 123 88 76 125 91 -25 

2.517370e+03	1.211028e+02	0.000000e+00	0.000000e+00	0.000000e+00	0.000000e+00	1	4.226451e-01
15 26 73 109 116 24 -1 46 50 23 10 124 122 78 -2 35 76 84 83 88 -3 3 2 101 -4 36 58 51 45 56 47 -5 113 112 102 97 -6 95 21 74 114 32 28 -7 75 98 99 -8 34 87 90 91 86 103 -9 7 54 55 41 -10 5 19 22 27 6 -11 117 65 38 40 62 -12 13 71 94 92 125 44 52 -13 107 110 115 80 12 25 -14 14 43 4 20 -15 77 85 82 72 79 31 29 63 -16 120 119 16 68 70 -17 104 111 123 30 105 121 93 89 -18 9 48 60 118 106 -19 11 96 17 18 -20 66 37 53 -21 69 81 67 108 59 -22 100 39 64 -23 33 61 49 57 42 -24 8 -25 
2.511130e+03	1.251412e+02	0.000000e+00	0.000000e+00	0.000000e+00	0.000000e+00	1	1.000000e+14
15 26 73 109 116 24 -1 46 50 23 10 124 122 78 -2 35 76 84 83 88 -3 3 2 101 -4 36 58 51 45 56 47 -5 113 115 102 97 -6 95 21 74 79 32 28 -7 75 98 99 -8 34 87 90 91 86 103 -9 7 54 55 41 -10 5 19 22 27 6 -11 117 65 40 62 13 -12 71 94 92 125 38 44 52 -13 107 110 112 80 12 -14 25 14 43 4 20 -15 77 85 82 72 114 31 29 63 -16 120 119 16 68 70 -17 104 111 123 30 105 121 93 89 -18 9 48 60 118 106 -19 11 96 17 18 -20 66 37 53 -21 69 81 67 108 59 -22 100 39 64 -23 33 61 49 57 42 -24 8 -25 

2.473820e+03	1.318748e+02	0.000000e+00	0.000000e+00	0.000000e+00	0.000000e+00	1	0.000000e+00
12 63 43 95 20 -1 112 2 122 13 -2 100 107 119 118 98 -3 37 94 41 59 23 22 -4 3 67 124 103 120 -5 83 46 66 40 -6 4 17 14 18 -7 36 68 51 71 -8 102 77 121 29 27 19 26 -9 11 35 75 80 89 -10 125 115 117 69 16 7 -11 47 84 87 88 92 81 123 90 45 -12 21 111 114 108 113 74 -13 104 64 58 56 61 52 -14 8 5 10 -15 99 53 60 57 49 82 -16 109 116 79 76 93 38 -17 97 105 106 24 32 -18 110 91 39 78 6 -19 42 33 55 54 62 -20 101 28 25 96 -21 34 72 50 15 -22 9 70 65 31 30 -23 44 73 85 86 48 -24 

------  Instance146b.dat ------	

9.200300e+02	4.736460e+01	0.000000e+00	0.000000e+00	0.000000e+00	0.000000e+00	1	2.507861e-01
48 121 107 -1 16 14 102 78 -2 51 50 139 131 -3 43 61 80 81 25 -4 130 45 64 140 3 -5 40 34 67 65 -6 46 145 9 15 73 71 66 -7 128 129 58 -8 35 36 32 31 5 -9 136 141 47 63 62 59 -10 124 101 39 44 33 -11 74 20 24 -12 49 85 96 86 -13 42 55 82 108 126 110 -14 26 112 92 133 -15 37 19 132 70 60 38 -16 99 106 114 116 105 103 -17 53 91 2 8 10 -18 27 28 17 54 144 -19 98 72 94 115 119 -20 18 134 127 125 138 23 -21 93 143 104 95 -22 41 21 13 -23 137 76 11 -24 122 120 29 -25 89 113 79 52 -26 4 7 6 22 -27 12 88 97 87 -28 123 135 142 30 68 -29 117 57 69 75 -30 90 77 109 56 111 -31 100 84 83 118 -32 
8.998900e+02	4.796417e+01	0.000000e+00	0.000000e+00	0.000000e+00	0.000000e+00	1	1.000000e+14
48 121 107 -1 16 14 102 78 -2 51 50 139 131 -3 43 61 80 81 72 25 -4 133 45 64 140 3 40 -5 34 67 65 46 -6 145 9 15 73 71 66 -7 128 129 58 -8 35 36 32 31 5 -9 136 141 47 63 62 59 -10 124 112 39 44 33 -11 74 20 24 -12 49 85 96 86 -13 42 55 82 108 126 110 -14 26 101 92 130 -15 37 19 132 70 60 38 -16 99 106 114 116 105 103 -17 53 91 144 8 10 27 28 17 -18 54 2 98 76 -19 115 119 18 -20 134 127 125 138 23 -21 93 143 104 95 -22 41 21 13 -23 137 94 11 -24 122 120 29 -25 89 113 79 52 -26 4 7 6 22 -27 12 88 97 87 -28 123 135 142 30 68 -29 117 57 69 75 -30 90 77 109 56 111 -31 100 84 83 118 -32 

9.020400e+02	4.621538e+01	0.000000e+00	0.000000e+00	0.000000e+00	0.000000e+00	1	1.000000e+14
120 20 40 -1 102 111 24 22 -2 15 32 58 93 -3 110 129 47 -4 11 141 96 56 -5 49 61 109 67 -6 13 108 69 65 -7 44 71 14 140 48 -8 12 46 55 73 128 30 -9 51 50 142 7 -10 53 35 28 27 101 74 -11 72 63 64 2 18 36 -12 68 97 98 60 -13 6 138 39 -14 125 117 112 123 -15 54 31 45 84 -16 144 8 9 143 133 23 34 33 -17 116 126 104 106 103 -18 57 59 139 42 -19 134 75 52 70 -20 5 113 92 -21 105 94 118 115 -22 77 91 4 122 -23 17 135 95 114 124 -24 78 85 99 90 38 -25 131 121 16 -26 62 81 82 89 107 29 -27 132 145 127 76 119 -28 136 19 37 3 137 66 -29 83 41 43 -30 88 87 80 79 100 86 -31 26 10 25 21 130 -32 

8.615100e+02	4.551366e+01	0.000000e+00	0.000000e+00	0.000000e+00	0.000000e+00	1	1.000000e+14
9 111 112 10 17 -1 82 80 38 24 35 4 -2 20 48 34 -3 139 47 86 -4 25 131 61 72 40 -5 60 58 108 84 -6 30 73 142 -7 109 96 141 19 18 129 -8 102 133 98 -9 28 7 143 5 12 31 -10 11 21 78 67 -11 94 144 130 120 -12 107 106 75 41 -13 8 79 90 128 101 -14 45 36 135 126 114 122 3 -15 26 57 2 -16 64 63 56 89 88 99 -17 136 127 134 97 118 85 103 -18 123 125 121 92 -19 37 29 65 55 32 -20 68 50 52 53 43 -21 39 137 14 -22 76 104 74 -23 117 113 66 110 -24 59 62 54 44 22 -25 27 138 145 119 49 -26 16 15 33 6 13 -27 46 42 70 81 23 -28 124 115 116 51 71 -29 105 100 91 69 83 77 -30 93 132 140 95 -31 87 -32 
8.830600e+02	4.442756e+01	0.000000e+00	0.000000e+00	0.000000e+00	0.000000e+00	1	1.000000e+14
9 111 112 29 -1 10 17 82 80 38 24 35 -2 4 74 48 34 -3 139 47 86 -4 25 61 72 16 40 -5 60 58 108 84 -6 30 73 142 -7 109 96 141 19 18 129 -8 102 133 98 -9 28 7 143 5 12 31 -10 11 21 78 67 -11 94 144 130 120 -12 107 106 75 41 -13 8 90 79 128 101 -14 45 36 135 126 114 122 3 -15 26 57 2 -16 64 63 56 89 88 99 -17 136 127 134 97 118 85 103 -18 123 125 121 92 -19 37 65 55 32 -20 68 50 52 53 43 -21 119 137 14 -22 76 104 20 -23 117 113 66 110 -24 59 62 54 44 22 -25 27 138 145 39 49 -26 131 15 33 6 13 -27 46 42 70 81 23 -28 124 115 116 51 71 -29 105 100 91 69 83 77 -30 93 132 140 95 -31 87 -32 

------  Instance210b.dat ------	

2.139740e+03	1.130530e+02	0.000000e+00	0.000000e+00	0.000000e+00	0.000000e+00	1	1.000000e+14
89 99 138 189 196 -1 95 49 62 27 -2 111 163 161 13 204 -3 15 127 103 18 -4 112 96 201 24 20 -5 71 36 205 180 145 -6 105 31 38 151 141 -7 66 70 129 153 28 -8 174 178 45 -9 168 169 135 146 50 -10 9 132 181 14 193 -11 83 173 166 140 -12 88 104 97 29 3 -13 60 149 150 160 -14 185 182 130 144 126 110 -15 86 43 159 -16 155 82 80 64 -17 108 131 42 190 -18 113 118 142 85 68 65 -19 21 133 2 -20 54 184 34 -21 167 137 154 170 57 -22 162 203 93 6 -23 73 101 35 23 5 -24 175 183 121 134 22 -25 84 122 188 53 -26 59 200 19 4 -27 55 202 179 148 -28 74 40 11 197 44 -29 32 77 46 48 56 -30 41 94 98 -31 25 75 91 67 16 -32 207 165 92 87 115 136 -33 198 194 186 39 52 -34 17 79 125 117 106 -35 119 33 51 81 -36 30 191 176 10 8 -37 37 114 61 90 76 -38 206 209 123 124 199 12 -39 47 152 208 26 -40 100 109 78 72 7 -41 187 69 63 -42 139 58 116 120 128 -43 147 195 192 164 177 156 -44 172 107 171 -45 158 143 157 102 -46 
2.213140e+03	1.082614e+02	0.000000e+00	0.000000e+00	0.000000e+00	0.000000e+00	1	1.000000e+14
89 99 138 189 196 -1 95 49 62 27 -2 111 163 148 13 204 -3 15 127 103 18 -4 112 64 201 24 20 -5 71 36 205 180 145 -6 105 31 159 151 141 -7 66 70 129 153 28 -8 174 178 45 119 -9 169 135 146 50 9 -10 132 181 14 193 83 -11 173 166 88 104 97 -12 29 3 43 -13 149 150 160 185 -14 130 144 126 110 86 60 38 -15 155 82 80 96 -16 47 131 113 190 -17 118 142 85 68 65 21 -18 133 2 51 -19 184 140 34 -20 167 137 154 170 57 172 -21 203 93 6 73 -22 101 35 23 5 175 -23 183 121 58 22 -24 84 122 188 53 -25 59 200 19 4 -26 55 202 179 161 -27 74 40 67 197 -28 44 32 77 46 48 -29 56 41 94 -30 25 42 75 91 11 16 -31 207 165 92 87 115 136 -32 198 194 186 98 -33 39 52 17 79 125 117 -34 106 168 33 54 -35 81 191 176 10 8 -36 37 114 61 90 76 -37 206 209 123 124 12 30 -38 108 152 182 208 26 -39 100 109 199 78 72 -40 7 187 69 63 -41 139 134 116 120 -42 128 147 195 192 164 177 -43 156 162 107 171 -44 158 143 157 102 -45 

2.109090e+03	1.110750e+02	0.000000e+00	0.000000e+00	0.000000e+00	0.000000e+00	1	1.000000e+14
54 157 180 195 123 -1 73 118 99 131 100 75 -2 172 137 28 -3 15 187 132 -4 86 101 144 78 76 32 -5 67 94 98 -6 19 88 91 63 194 -7 46 70 112 114 -8 166 14 171 188 10 9 -9 96 124 184 38 -10 27 115 128 55 48 -11 122 136 203 56 -12 33 192 152 60 34 36 -13 113 116 24 52 81 82 -14 189 174 198 7 -15 85 51 109 83 -16 12 25 106 40 45 72 -17 93 205 4 -18 182 153 119 69 -19 17 158 97 47 -20 186 183 163 31 64 -21 162 58 8 -22 127 134 141 151 149 -23 84 2 53 66 79 -24 121 202 26 -25 130 117 68 199 201 -26 111 62 206 11 191 -27 20 108 29 -28 5 207 208 193 167 197 -29 175 139 142 30 6 -30 196 148 49 35 65 37 23 -31 95 71 41 -32 135 145 150 13 -33 50 39 156 138 120 43 -34 59 103 179 178 21 -35 126 87 89 176 185 -36 61 74 102 169 125 -37 164 77 92 170 110 57 -38 18 22 16 -39 154 133 168 209 181 200 -40 44 155 190 165 -41 90 105 80 42 104 -42 173 143 160 146 -43 177 161 204 3 -44 107 129 147 159 -45 140 -46 

------  Instance338b.dat ------	

6.211020e+03	3.218146e+02	0.000000e+00	0.000000e+00	0.000000e+00	0.000000e+00	1	8.489615e-01
5 261 150 253 168 -1 31 44 63 21 74 -2 294 203 218 86 207 -3 9 173 287 290 310 -4 216 75 101 206 231 17 -5 311 273 337 328 319 326 138 -6 25 125 121 112 99 -7 195 240 19 4 36 -8 53 291 3 282 -9 196 255 157 224 -10 22 226 222 134 76 -11 23 230 212 161 -12 312 193 259 55 292 -13 137 210 252 180 190 272 43 39 46 -14 318 275 263 -15 67 244 219 68 -16 117 65 267 194 -17 51 93 199 246 -18 254 245 108 -19 213 302 304 325 -20 77 315 295 102 113 42 13 -21 169 227 274 239 32 299 329 -22 238 170 264 265 -23 320 15 306 262 271 289 -24 69 95 140 16 250 -25 276 90 327 309 -26 129 236 147 97 -27 334 175 94 123 52 106 33 -28 321 242 155 110 -29 323 20 71 12 -30 128 2 124 6 -31 172 277 10 84 83 -32 307 330 41 88 160 185 -33 158 40 127 78 153 163 -34 332 257 205 197 54 122 -35 314 293 296 279 60 -36 300 136 133 232 100 -37 111 189 188 247 192 241 -38 35 333 233 91 336 -39 79 80 208 148 115 85 62 89 -40 182 109 297 225 270 -41 73 220 187 235 120 -42 215 305 221 126 322 -43 159 278 256 -44 107 30 11 -45 66 249 248 49 105 -46 28 284 58 260 201 -47 184 228 269 217 266 27 -48 98 243 251 229 202 26 57 -49 34 14 59 178 119 -50 152 56 92 191 -51 50 183 204 156 103 -52 198 177 335 331 186 72 -53 8 45 154 179 -54 223 87 64 18 324 145 142 -55 286 82 139 166 48 131 -56 303 174 281 288 -57 176 209 141 146 47 -58 149 81 29 308 -59 7 118 211 132 70 167 -60 285 258 37 38 268 -61 317 151 162 -62 234 298 200 -63 114 165 171 237 316 -64 164 61 104 24 214 181 -65 135 116 130 301 -66 313 283 280 143 144 96 -67 
6.126100e+03	3.330764e+02	0.000000e+00	0.000000e+00	0.000000e+00	0.000000e+00	1	1.510385e-01
5 261 150 253 168 -1 31 44 63 21 74 -2 294 203 218 86 207 -3 9 173 287 290 310 -4 216 75 101 165 231 206 -5 17 311 273 337 328 319 326 -6 138 25 125 121 112 -7 99 195 240 19 4 -8 36 53 291 3 282 -9 134 196 255 -10 113 224 22 226 217 76 -11 23 230 212 161 -12 312 193 259 55 292 -13 137 210 252 180 190 272 43 39 46 -14 318 275 263 -15 67 244 219 68 -16 117 65 267 192 -17 51 93 199 246 -18 254 245 108 -19 213 302 304 325 -20 77 315 295 102 126 157 42 13 -21 169 227 274 239 32 299 329 -22 238 170 264 265 -23 320 15 306 262 271 -24 221 289 69 95 140 -25 16 250 276 90 327 -26 183 129 236 147 97 -27 334 175 94 123 52 106 33 -28 321 242 155 110 -29 323 20 71 12 -30 128 2 124 6 -31 172 277 10 84 83 -32 307 330 41 88 160 185 -33 158 40 127 78 153 163 -34 332 257 205 197 54 -35 260 314 293 296 279 -36 60 300 136 133 232 100 -37 111 189 188 247 194 241 -38 35 333 298 91 336 -39 79 80 208 148 115 85 62 89 -40 182 109 297 225 270 -41 73 220 187 235 120 -42 215 305 322 159 -43 278 256 107 -44 30 11 66 249 248 -45 49 179 28 284 58 -46 122 201 184 228 269 222 266 -47 27 98 243 251 229 202 -48 26 57 34 14 178 -49 119 152 56 191 -50 50 59 309 204 156 103 -51 198 177 335 331 186 72 -52 8 45 154 105 -53 223 87 64 18 324 145 142 -54 286 82 139 166 48 92 -55 131 303 174 -56 281 288 176 209 141 146 -57 47 149 81 29 -58 308 7 118 211 132 -59 70 167 285 258 37 38 -60 268 317 151 162 -61 234 233 200 -62 114 171 237 316 164 -63 61 104 24 214 181 -64 135 116 130 301 -65 313 283 280 143 144 96 -66 

5.888120e+03	3.049866e+02	0.000000e+00	0.000000e+00	0.000000e+00	0.000000e+00	1	1.000000e+14
27 19 330 279 176 -1 65 145 243 160 -2 170 217 158 205 -3 319 322 29 -4 4 198 267 332 262 -5 126 229 228 225 265 191 -6 49 215 9 324 -7 268 199 245 12 278 42 -8 153 211 188 210 108 257 -9 41 174 226 201 197 15 -10 93 326 269 286 297 -11 222 152 178 212 -12 149 244 287 313 280 -13 38 133 16 329 294 3 -14 71 164 138 162 202 -15 235 223 213 -16 112 123 70 179 -17 48 45 50 97 -18 139 192 142 227 334 -19 298 328 304 124 224 -20 37 263 231 121 258 300 -21 172 249 255 102 17 63 -22 196 237 306 281 -23 6 154 21 331 39 -24 46 120 61 146 147 94 -25 293 285 254 282 -26 26 74 81 307 309 -27 66 85 122 200 165 207 208 -28 8 32 90 -29 44 69 204 -30 109 151 128 -31 321 156 91 72 -32 299 28 77 270 114 -33 79 261 273 232 250 323 312 -34 317 35 11 333 316 -35 189 206 251 7 2 106 82 168 -36 242 295 96 135 119 113 -37 43 248 240 284 143 100 -38 266 289 290 110 89 148 -39 193 305 129 75 -40 159 292 216 246 125 -41 310 308 239 111 -42 130 241 256 -43 134 52 84 13 337 303 -44 175 33 325 103 55 -45 288 236 64 320 105 18 -46 115 5 155 253 177 -47 315 291 336 194 161 186 218 -48 173 163 99 80 31 -49 88 187 195 311 40 -50 47 36 59 101 76 -51 131 58 14 264 260 -52 98 144 302 92 -53 276 221 314 78 54 -54 209 184 238 190 169 136 180 -55 259 150 137 -56 233 283 203 53 -57 86 301 51 116 -58 22 277 335 25 20 10 127 -59 68 107 171 -60 30 67 167 62 24 -61 183 157 252 95 56 -62 23 118 141 230 318 -63 34 132 87 181 -64 234 327 247 271 219 185 -65 296 117 166 83 57 -66 274 220 214 73 -67 275 182 140 104 60 -68 272 -69 
