param sigma
: 1 2 :=
1	1e-05	0.99999
2	0.1	0.9
3	0.2	0.8
4	0.3	0.7
5	0.4	0.6
6	0.5	0.5
7	0.6	0.4
8	0.7	0.3
9	0.8	0.2
10	0.9	0.1
11	0.99999	1e-05
;

set O := 1 38;
set R := 2 3 4 5 6 7 8 9 10 11 12 13 14 15 16 17 18 19 20 21 22 23 24 25 26 27 28 29 30 31 32 33 34 35 36 37;
set S := -1 -38;
set K := 1 2 3 4 5 6 7 8 9 10 11 12 13 14 15 16;
param b := 26;
param theta := 375.0;
param peso_vacio := 3500;
param alpha :=
0 0
1 0
2 0
3 0
4 0
;
param beta :=
0 0.2
1 -0.1
2 0
3 0
4 0
;
param gamma :=
0 16.4
1 2.2
2 2.2
3 0.6
4 0.4
;
param delta :=
0 0
1 0
2 0
3 0
4 0
;
param epsilon :=
0 0.3
1 0
2 0
3 0
4 0
;
param zeta :=
0 2.4
1 2.5
2 1.3
3 4.5
4 3.3
;
param hta :=
0 1
1 1
2 1
3 1
4 1
;
param dm :=
1 0
2 9
3 8
4 7
5 6
6 5
7 4
8 3
9 2
10 1
11 9
12 8
13 7
14 6
15 5
16 4
17 3
18 2
19 1
20 9
21 8
22 7
23 6
24 5
25 4
26 3
27 2
28 1
29 9
30 8
31 7
32 6
33 5
34 4
35 3
36 2
37 1
38 0
;
param d :=
1 1 0.00
1 2 3.54
1 3 2.42
1 4 1.48
1 5 1.00
1 6 1.48
1 7 2.42
1 8 3.54
1 9 5.00
1 10 6.40
1 11 6.82
1 12 6.94
1 13 6.99
1 14 7.00
1 15 6.99
1 16 6.94
1 17 6.82
1 18 6.40
1 19 6.40
1 20 7.90
1 21 8.95
1 22 9.84
1 23 10.63
1 24 11.35
1 25 12.01
1 26 12.59
1 27 13.00
1 28 13.60
1 29 5.34
1 30 6.15
1 31 7.08
1 32 8.06
1 33 9.07
1 34 10.09
1 35 11.16
1 36 12.37
1 37 13.60
1 38 11.31
2 1 3.54
2 2 0.00
2 3 1.13
2 4 2.15
2 5 3.13
2 6 4.08
2 7 5.03
2 8 6.00
2 9 7.09
2 10 8.28
2 11 3.32
2 12 3.65
2 13 4.01
2 14 4.42
2 15 4.86
2 16 5.32
2 17 5.79
2 18 6.21
2 19 6.95
2 20 4.69
2 21 5.63
2 22 6.43
2 23 7.16
2 24 7.83
2 25 8.47
2 26 9.06
2 27 9.53
2 28 10.22
2 29 3.32
2 30 4.44
2 31 5.47
2 32 6.44
2 33 7.37
2 34 8.29
2 35 9.19
2 36 10.12
2 37 11.17
2 38 7.90
3 1 2.42
3 2 1.13
3 3 0.00
3 4 1.04
3 5 2.03
3 6 3.01
3 7 4.00
3 8 5.03
3 9 6.22
3 10 7.48
3 11 4.44
3 12 4.69
3 13 4.93
3 14 5.18
3 15 5.45
3 16 5.73
3 17 5.99
3 18 6.14
3 19 6.66
3 20 5.63
3 21 6.63
3 22 7.48
3 23 8.24
3 24 8.94
3 25 9.59
3 26 10.18
3 27 10.64
3 28 11.31
3 29 3.65
3 30 4.69
3 31 5.72
3 32 6.72
3 33 7.70
3 34 8.67
3 35 9.65
3 36 10.69
3 37 11.82
3 38 8.95
4 1 1.48
4 2 2.15
4 3 1.04
4 4 0.00
4 5 1.00
4 6 2.00
4 7 3.01
4 8 4.08
4 9 5.35
4 10 6.67
4 11 5.47
4 12 5.72
4 13 5.92
4 14 6.10
4 15 6.27
4 16 6.43
4 17 6.55
4 18 6.47
4 19 6.78
4 20 6.43
4 21 7.48
4 22 8.37
4 23 9.16
4 24 9.90
4 25 10.58
4 26 11.20
4 27 11.68
4 28 12.35
4 29 4.01
4 30 4.93
4 31 5.92
4 32 6.92
4 33 7.92
4 34 8.92
4 35 9.95
4 36 11.10
4 37 12.29
4 38 9.84
5 1 1.00
5 2 3.13
5 3 2.03
5 4 1.00
5 5 0.00
5 6 1.00
5 7 2.03
5 8 3.13
5 9 4.47
5 10 5.83
5 11 6.44
5 12 6.72
5 13 6.92
5 14 7.07
5 15 7.20
5 16 7.29
5 17 7.31
5 18 7.07
5 19 7.21
5 20 7.16
5 21 8.24
5 22 9.16
5 23 10.00
5 24 10.77
5 25 11.48
5 26 12.13
5 27 12.65
5 28 13.34
5 29 4.42
5 30 5.18
5 31 6.10
5 32 7.07
5 33 8.07
5 34 9.10
5 35 10.18
5 36 11.40
5 37 12.65
5 38 10.63
6 1 1.48
6 2 4.08
6 3 3.01
6 4 2.00
6 5 1.00
6 6 0.00
6 7 1.04
6 8 2.15
6 9 3.56
6 10 4.95
6 11 7.37
6 12 7.70
6 13 7.92
6 14 8.07
6 15 8.19
6 16 8.24
6 17 8.21
6 18 7.86
6 19 7.88
6 20 7.83
6 21 8.94
6 22 9.90
6 23 10.77
6 24 11.58
6 25 12.33
6 26 13.01
6 27 13.58
6 28 14.30
6 29 4.86
6 30 5.45
6 31 6.27
6 32 7.20
6 33 8.19
6 34 9.22
6 35 10.32
6 36 11.62
6 37 12.92
6 38 11.35
7 1 2.42
7 2 5.03
7 3 4.00
7 4 3.01
7 5 2.03
7 6 1.04
7 7 0.00
7 8 1.13
7 9 2.59
7 10 4.00
7 11 8.29
7 12 8.67
7 13 8.92
7 14 9.10
7 15 9.22
7 16 9.27
7 17 9.21
7 18 8.81
7 19 8.74
7 20 8.47
7 21 9.59
7 22 10.58
7 23 11.48
7 24 12.33
7 25 13.12
7 26 13.85
7 27 14.47
7 28 15.23
7 29 5.32
7 30 5.73
7 31 6.43
7 32 7.29
7 33 8.24
7 34 9.27
7 35 10.40
7 36 11.76
7 37 13.10
7 38 12.01
8 1 3.54
8 2 6.00
8 3 5.03
8 4 4.08
8 5 3.13
8 6 2.15
8 7 1.13
8 8 0.00
8 9 1.50
8 10 2.92
8 11 9.19
8 12 9.65
8 13 9.95
8 14 10.18
8 15 10.32
8 16 10.40
8 17 10.34
8 18 9.93
8 19 9.81
8 20 9.06
8 21 10.18
8 22 11.20
8 23 12.13
8 24 13.01
8 25 13.85
8 26 14.63
8 27 15.32
8 28 16.14
8 29 5.79
8 30 5.99
8 31 6.55
8 32 7.31
8 33 8.21
8 34 9.21
8 35 10.34
8 36 11.77
8 37 13.14
8 38 12.59
9 1 5.00
9 2 7.09
9 3 6.22
9 4 5.35
9 5 4.47
9 6 3.56
9 7 2.59
9 8 1.50
9 9 0.00
9 10 1.41
9 11 10.12
9 12 10.69
9 13 11.10
9 14 11.40
9 15 11.62
9 16 11.76
9 17 11.77
9 18 11.40
9 19 11.31
9 20 9.53
9 21 10.64
9 22 11.68
9 23 12.65
9 24 13.58
9 25 14.47
9 26 15.32
9 27 16.12
9 28 17.03
9 29 6.21
9 30 6.14
9 31 6.47
9 32 7.07
9 33 7.86
9 34 8.81
9 35 9.93
9 36 11.40
9 37 12.81
9 38 13.00
10 1 6.40
10 2 8.28
10 3 7.48
10 4 6.67
10 5 5.83
10 6 4.95
10 7 4.00
10 8 2.92
10 9 1.41
10 10 0.00
10 11 11.17
10 12 11.82
10 13 12.29
10 14 12.65
10 15 12.92
10 16 13.10
10 17 13.14
10 18 12.81
10 19 12.73
10 20 10.22
10 21 11.31
10 22 12.35
10 23 13.34
10 24 14.30
10 25 15.23
10 26 16.14
10 27 17.03
10 28 18.00
10 29 6.95
10 30 6.66
10 31 6.78
10 32 7.21
10 33 7.88
10 34 8.74
10 35 9.81
10 36 11.31
10 37 12.73
10 38 13.60
11 1 6.82
11 2 3.32
11 3 4.44
11 4 5.47
11 5 6.44
11 6 7.37
11 7 8.29
11 8 9.19
11 9 10.12
11 10 11.17
11 11 0.00
11 12 1.13
11 13 2.15
11 14 3.13
11 15 4.08
11 16 5.03
11 17 6.00
11 18 7.09
11 19 8.28
11 20 3.32
11 21 3.65
11 22 4.01
11 23 4.42
11 24 4.86
11 25 5.32
11 26 5.79
11 27 6.21
11 28 6.95
11 29 4.69
11 30 5.63
11 31 6.43
11 32 7.16
11 33 7.83
11 34 8.47
11 35 9.06
11 36 9.53
11 37 10.22
11 38 5.34
12 1 6.94
12 2 3.65
12 3 4.69
12 4 5.72
12 5 6.72
12 6 7.70
12 7 8.67
12 8 9.65
12 9 10.69
12 10 11.82
12 11 1.13
12 12 0.00
12 13 1.04
12 14 2.03
12 15 3.01
12 16 4.00
12 17 5.03
12 18 6.22
12 19 7.48
12 20 4.44
12 21 4.69
12 22 4.93
12 23 5.18
12 24 5.45
12 25 5.73
12 26 5.99
12 27 6.14
12 28 6.66
12 29 5.63
12 30 6.63
12 31 7.48
12 32 8.24
12 33 8.94
12 34 9.59
12 35 10.18
12 36 10.64
12 37 11.31
12 38 6.15
13 1 6.99
13 2 4.01
13 3 4.93
13 4 5.92
13 5 6.92
13 6 7.92
13 7 8.92
13 8 9.95
13 9 11.10
13 10 12.29
13 11 2.15
13 12 1.04
13 13 0.00
13 14 1.00
13 15 2.00
13 16 3.01
13 17 4.08
13 18 5.35
13 19 6.67
13 20 5.47
13 21 5.72
13 22 5.92
13 23 6.10
13 24 6.27
13 25 6.43
13 26 6.55
13 27 6.47
13 28 6.78
13 29 6.43
13 30 7.48
13 31 8.37
13 32 9.16
13 33 9.90
13 34 10.58
13 35 11.20
13 36 11.68
13 37 12.35
13 38 7.08
14 1 7.00
14 2 4.42
14 3 5.18
14 4 6.10
14 5 7.07
14 6 8.07
14 7 9.10
14 8 10.18
14 9 11.40
14 10 12.65
14 11 3.13
14 12 2.03
14 13 1.00
14 14 0.00
14 15 1.00
14 16 2.03
14 17 3.13
14 18 4.47
14 19 5.83
14 20 6.44
14 21 6.72
14 22 6.92
14 23 7.07
14 24 7.20
14 25 7.29
14 26 7.31
14 27 7.07
14 28 7.21
14 29 7.16
14 30 8.24
14 31 9.16
14 32 10.00
14 33 10.77
14 34 11.48
14 35 12.13
14 36 12.65
14 37 13.34
14 38 8.06
15 1 6.99
15 2 4.86
15 3 5.45
15 4 6.27
15 5 7.20
15 6 8.19
15 7 9.22
15 8 10.32
15 9 11.62
15 10 12.92
15 11 4.08
15 12 3.01
15 13 2.00
15 14 1.00
15 15 0.00
15 16 1.04
15 17 2.15
15 18 3.56
15 19 4.95
15 20 7.37
15 21 7.70
15 22 7.92
15 23 8.07
15 24 8.19
15 25 8.24
15 26 8.21
15 27 7.86
15 28 7.88
15 29 7.83
15 30 8.94
15 31 9.90
15 32 10.77
15 33 11.58
15 34 12.33
15 35 13.01
15 36 13.58
15 37 14.30
15 38 9.07
16 1 6.94
16 2 5.32
16 3 5.73
16 4 6.43
16 5 7.29
16 6 8.24
16 7 9.27
16 8 10.40
16 9 11.76
16 10 13.10
16 11 5.03
16 12 4.00
16 13 3.01
16 14 2.03
16 15 1.04
16 16 0.00
16 17 1.13
16 18 2.59
16 19 4.00
16 20 8.29
16 21 8.67
16 22 8.92
16 23 9.10
16 24 9.22
16 25 9.27
16 26 9.21
16 27 8.81
16 28 8.74
16 29 8.47
16 30 9.59
16 31 10.58
16 32 11.48
16 33 12.33
16 34 13.12
16 35 13.85
16 36 14.47
16 37 15.23
16 38 10.09
17 1 6.82
17 2 5.79
17 3 5.99
17 4 6.55
17 5 7.31
17 6 8.21
17 7 9.21
17 8 10.34
17 9 11.77
17 10 13.14
17 11 6.00
17 12 5.03
17 13 4.08
17 14 3.13
17 15 2.15
17 16 1.13
17 17 0.00
17 18 1.50
17 19 2.92
17 20 9.19
17 21 9.65
17 22 9.95
17 23 10.18
17 24 10.32
17 25 10.40
17 26 10.34
17 27 9.93
17 28 9.81
17 29 9.06
17 30 10.18
17 31 11.20
17 32 12.13
17 33 13.01
17 34 13.85
17 35 14.63
17 36 15.32
17 37 16.14
17 38 11.16
18 1 6.40
18 2 6.21
18 3 6.14
18 4 6.47
18 5 7.07
18 6 7.86
18 7 8.81
18 8 9.93
18 9 11.40
18 10 12.81
18 11 7.09
18 12 6.22
18 13 5.35
18 14 4.47
18 15 3.56
18 16 2.59
18 17 1.50
18 18 0.00
18 19 1.41
18 20 10.12
18 21 10.69
18 22 11.10
18 23 11.40
18 24 11.62
18 25 11.76
18 26 11.77
18 27 11.40
18 28 11.31
18 29 9.53
18 30 10.64
18 31 11.68
18 32 12.65
18 33 13.58
18 34 14.47
18 35 15.32
18 36 16.12
18 37 17.03
18 38 12.37
19 1 6.40
19 2 6.95
19 3 6.66
19 4 6.78
19 5 7.21
19 6 7.88
19 7 8.74
19 8 9.81
19 9 11.31
19 10 12.73
19 11 8.28
19 12 7.48
19 13 6.67
19 14 5.83
19 15 4.95
19 16 4.00
19 17 2.92
19 18 1.41
19 19 0.00
19 20 11.17
19 21 11.82
19 22 12.29
19 23 12.65
19 24 12.92
19 25 13.10
19 26 13.14
19 27 12.81
19 28 12.73
19 29 10.22
19 30 11.31
19 31 12.35
19 32 13.34
19 33 14.30
19 34 15.23
19 35 16.14
19 36 17.03
19 37 18.00
19 38 13.60
20 1 7.90
20 2 4.69
20 3 5.63
20 4 6.43
20 5 7.16
20 6 7.83
20 7 8.47
20 8 9.06
20 9 9.53
20 10 10.22
20 11 3.32
20 12 4.44
20 13 5.47
20 14 6.44
20 15 7.37
20 16 8.29
20 17 9.19
20 18 10.12
20 19 11.17
20 20 0.00
20 21 1.13
20 22 2.15
20 23 3.13
20 24 4.08
20 25 5.03
20 26 6.00
20 27 7.09
20 28 8.28
20 29 3.32
20 30 3.65
20 31 4.01
20 32 4.42
20 33 4.86
20 34 5.32
20 35 5.79
20 36 6.21
20 37 6.95
20 38 3.54
21 1 8.95
21 2 5.63
21 3 6.63
21 4 7.48
21 5 8.24
21 6 8.94
21 7 9.59
21 8 10.18
21 9 10.64
21 10 11.31
21 11 3.65
21 12 4.69
21 13 5.72
21 14 6.72
21 15 7.70
21 16 8.67
21 17 9.65
21 18 10.69
21 19 11.82
21 20 1.13
21 21 0.00
21 22 1.04
21 23 2.03
21 24 3.01
21 25 4.00
21 26 5.03
21 27 6.22
21 28 7.48
21 29 4.44
21 30 4.69
21 31 4.93
21 32 5.18
21 33 5.45
21 34 5.73
21 35 5.99
21 36 6.14
21 37 6.66
21 38 2.42
22 1 9.84
22 2 6.43
22 3 7.48
22 4 8.37
22 5 9.16
22 6 9.90
22 7 10.58
22 8 11.20
22 9 11.68
22 10 12.35
22 11 4.01
22 12 4.93
22 13 5.92
22 14 6.92
22 15 7.92
22 16 8.92
22 17 9.95
22 18 11.10
22 19 12.29
22 20 2.15
22 21 1.04
22 22 0.00
22 23 1.00
22 24 2.00
22 25 3.01
22 26 4.08
22 27 5.35
22 28 6.67
22 29 5.47
22 30 5.72
22 31 5.92
22 32 6.10
22 33 6.27
22 34 6.43
22 35 6.55
22 36 6.47
22 37 6.78
22 38 1.48
23 1 10.63
23 2 7.16
23 3 8.24
23 4 9.16
23 5 10.00
23 6 10.77
23 7 11.48
23 8 12.13
23 9 12.65
23 10 13.34
23 11 4.42
23 12 5.18
23 13 6.10
23 14 7.07
23 15 8.07
23 16 9.10
23 17 10.18
23 18 11.40
23 19 12.65
23 20 3.13
23 21 2.03
23 22 1.00
23 23 0.00
23 24 1.00
23 25 2.03
23 26 3.13
23 27 4.47
23 28 5.83
23 29 6.44
23 30 6.72
23 31 6.92
23 32 7.07
23 33 7.20
23 34 7.29
23 35 7.31
23 36 7.07
23 37 7.21
23 38 1.00
24 1 11.35
24 2 7.83
24 3 8.94
24 4 9.90
24 5 10.77
24 6 11.58
24 7 12.33
24 8 13.01
24 9 13.58
24 10 14.30
24 11 4.86
24 12 5.45
24 13 6.27
24 14 7.20
24 15 8.19
24 16 9.22
24 17 10.32
24 18 11.62
24 19 12.92
24 20 4.08
24 21 3.01
24 22 2.00
24 23 1.00
24 24 0.00
24 25 1.04
24 26 2.15
24 27 3.56
24 28 4.95
24 29 7.37
24 30 7.70
24 31 7.92
24 32 8.07
24 33 8.19
24 34 8.24
24 35 8.21
24 36 7.86
24 37 7.88
24 38 1.48
25 1 12.01
25 2 8.47
25 3 9.59
25 4 10.58
25 5 11.48
25 6 12.33
25 7 13.12
25 8 13.85
25 9 14.47
25 10 15.23
25 11 5.32
25 12 5.73
25 13 6.43
25 14 7.29
25 15 8.24
25 16 9.27
25 17 10.40
25 18 11.76
25 19 13.10
25 20 5.03
25 21 4.00
25 22 3.01
25 23 2.03
25 24 1.04
25 25 0.00
25 26 1.13
25 27 2.59
25 28 4.00
25 29 8.29
25 30 8.67
25 31 8.92
25 32 9.10
25 33 9.22
25 34 9.27
25 35 9.21
25 36 8.81
25 37 8.74
25 38 2.42
26 1 12.59
26 2 9.06
26 3 10.18
26 4 11.20
26 5 12.13
26 6 13.01
26 7 13.85
26 8 14.63
26 9 15.32
26 10 16.14
26 11 5.79
26 12 5.99
26 13 6.55
26 14 7.31
26 15 8.21
26 16 9.21
26 17 10.34
26 18 11.77
26 19 13.14
26 20 6.00
26 21 5.03
26 22 4.08
26 23 3.13
26 24 2.15
26 25 1.13
26 26 0.00
26 27 1.50
26 28 2.92
26 29 9.19
26 30 9.65
26 31 9.95
26 32 10.18
26 33 10.32
26 34 10.40
26 35 10.34
26 36 9.93
26 37 9.81
26 38 3.54
27 1 13.00
27 2 9.53
27 3 10.64
27 4 11.68
27 5 12.65
27 6 13.58
27 7 14.47
27 8 15.32
27 9 16.12
27 10 17.03
27 11 6.21
27 12 6.14
27 13 6.47
27 14 7.07
27 15 7.86
27 16 8.81
27 17 9.93
27 18 11.40
27 19 12.81
27 20 7.09
27 21 6.22
27 22 5.35
27 23 4.47
27 24 3.56
27 25 2.59
27 26 1.50
27 27 0.00
27 28 1.41
27 29 10.12
27 30 10.69
27 31 11.10
27 32 11.40
27 33 11.62
27 34 11.76
27 35 11.77
27 36 11.40
27 37 11.31
27 38 5.00
28 1 13.60
28 2 10.22
28 3 11.31
28 4 12.35
28 5 13.34
28 6 14.30
28 7 15.23
28 8 16.14
28 9 17.03
28 10 18.00
28 11 6.95
28 12 6.66
28 13 6.78
28 14 7.21
28 15 7.88
28 16 8.74
28 17 9.81
28 18 11.31
28 19 12.73
28 20 8.28
28 21 7.48
28 22 6.67
28 23 5.83
28 24 4.95
28 25 4.00
28 26 2.92
28 27 1.41
28 28 0.00
28 29 11.17
28 30 11.82
28 31 12.29
28 32 12.65
28 33 12.92
28 34 13.10
28 35 13.14
28 36 12.81
28 37 12.73
28 38 6.40
29 1 5.34
29 2 3.32
29 3 3.65
29 4 4.01
29 5 4.42
29 6 4.86
29 7 5.32
29 8 5.79
29 9 6.21
29 10 6.95
29 11 4.69
29 12 5.63
29 13 6.43
29 14 7.16
29 15 7.83
29 16 8.47
29 17 9.06
29 18 9.53
29 19 10.22
29 20 3.32
29 21 4.44
29 22 5.47
29 23 6.44
29 24 7.37
29 25 8.29
29 26 9.19
29 27 10.12
29 28 11.17
29 29 0.00
29 30 1.13
29 31 2.15
29 32 3.13
29 33 4.08
29 34 5.03
29 35 6.00
29 36 7.09
29 37 8.28
29 38 6.82
30 1 6.15
30 2 4.44
30 3 4.69
30 4 4.93
30 5 5.18
30 6 5.45
30 7 5.73
30 8 5.99
30 9 6.14
30 10 6.66
30 11 5.63
30 12 6.63
30 13 7.48
30 14 8.24
30 15 8.94
30 16 9.59
30 17 10.18
30 18 10.64
30 19 11.31
30 20 3.65
30 21 4.69
30 22 5.72
30 23 6.72
30 24 7.70
30 25 8.67
30 26 9.65
30 27 10.69
30 28 11.82
30 29 1.13
30 30 0.00
30 31 1.04
30 32 2.03
30 33 3.01
30 34 4.00
30 35 5.03
30 36 6.22
30 37 7.48
30 38 6.94
31 1 7.08
31 2 5.47
31 3 5.72
31 4 5.92
31 5 6.10
31 6 6.27
31 7 6.43
31 8 6.55
31 9 6.47
31 10 6.78
31 11 6.43
31 12 7.48
31 13 8.37
31 14 9.16
31 15 9.90
31 16 10.58
31 17 11.20
31 18 11.68
31 19 12.35
31 20 4.01
31 21 4.93
31 22 5.92
31 23 6.92
31 24 7.92
31 25 8.92
31 26 9.95
31 27 11.10
31 28 12.29
31 29 2.15
31 30 1.04
31 31 0.00
31 32 1.00
31 33 2.00
31 34 3.01
31 35 4.08
31 36 5.35
31 37 6.67
31 38 6.99
32 1 8.06
32 2 6.44
32 3 6.72
32 4 6.92
32 5 7.07
32 6 7.20
32 7 7.29
32 8 7.31
32 9 7.07
32 10 7.21
32 11 7.16
32 12 8.24
32 13 9.16
32 14 10.00
32 15 10.77
32 16 11.48
32 17 12.13
32 18 12.65
32 19 13.34
32 20 4.42
32 21 5.18
32 22 6.10
32 23 7.07
32 24 8.07
32 25 9.10
32 26 10.18
32 27 11.40
32 28 12.65
32 29 3.13
32 30 2.03
32 31 1.00
32 32 0.00
32 33 1.00
32 34 2.03
32 35 3.13
32 36 4.47
32 37 5.83
32 38 7.00
33 1 9.07
33 2 7.37
33 3 7.70
33 4 7.92
33 5 8.07
33 6 8.19
33 7 8.24
33 8 8.21
33 9 7.86
33 10 7.88
33 11 7.83
33 12 8.94
33 13 9.90
33 14 10.77
33 15 11.58
33 16 12.33
33 17 13.01
33 18 13.58
33 19 14.30
33 20 4.86
33 21 5.45
33 22 6.27
33 23 7.20
33 24 8.19
33 25 9.22
33 26 10.32
33 27 11.62
33 28 12.92
33 29 4.08
33 30 3.01
33 31 2.00
33 32 1.00
33 33 0.00
33 34 1.04
33 35 2.15
33 36 3.56
33 37 4.95
33 38 6.99
34 1 10.09
34 2 8.29
34 3 8.67
34 4 8.92
34 5 9.10
34 6 9.22
34 7 9.27
34 8 9.21
34 9 8.81
34 10 8.74
34 11 8.47
34 12 9.59
34 13 10.58
34 14 11.48
34 15 12.33
34 16 13.12
34 17 13.85
34 18 14.47
34 19 15.23
34 20 5.32
34 21 5.73
34 22 6.43
34 23 7.29
34 24 8.24
34 25 9.27
34 26 10.40
34 27 11.76
34 28 13.10
34 29 5.03
34 30 4.00
34 31 3.01
34 32 2.03
34 33 1.04
34 34 0.00
34 35 1.13
34 36 2.59
34 37 4.00
34 38 6.94
35 1 11.16
35 2 9.19
35 3 9.65
35 4 9.95
35 5 10.18
35 6 10.32
35 7 10.40
35 8 10.34
35 9 9.93
35 10 9.81
35 11 9.06
35 12 10.18
35 13 11.20
35 14 12.13
35 15 13.01
35 16 13.85
35 17 14.63
35 18 15.32
35 19 16.14
35 20 5.79
35 21 5.99
35 22 6.55
35 23 7.31
35 24 8.21
35 25 9.21
35 26 10.34
35 27 11.77
35 28 13.14
35 29 6.00
35 30 5.03
35 31 4.08
35 32 3.13
35 33 2.15
35 34 1.13
35 35 0.00
35 36 1.50
35 37 2.92
35 38 6.82
36 1 12.37
36 2 10.12
36 3 10.69
36 4 11.10
36 5 11.40
36 6 11.62
36 7 11.76
36 8 11.77
36 9 11.40
36 10 11.31
36 11 9.53
36 12 10.64
36 13 11.68
36 14 12.65
36 15 13.58
36 16 14.47
36 17 15.32
36 18 16.12
36 19 17.03
36 20 6.21
36 21 6.14
36 22 6.47
36 23 7.07
36 24 7.86
36 25 8.81
36 26 9.93
36 27 11.40
36 28 12.81
36 29 7.09
36 30 6.22
36 31 5.35
36 32 4.47
36 33 3.56
36 34 2.59
36 35 1.50
36 36 0.00
36 37 1.41
36 38 6.40
37 1 13.60
37 2 11.17
37 3 11.82
37 4 12.29
37 5 12.65
37 6 12.92
37 7 13.10
37 8 13.14
37 9 12.81
37 10 12.73
37 11 10.22
37 12 11.31
37 13 12.35
37 14 13.34
37 15 14.30
37 16 15.23
37 17 16.14
37 18 17.03
37 19 18.00
37 20 6.95
37 21 6.66
37 22 6.78
37 23 7.21
37 24 7.88
37 25 8.74
37 26 9.81
37 27 11.31
37 28 12.73
37 29 8.28
37 30 7.48
37 31 6.67
37 32 5.83
37 33 4.95
37 34 4.00
37 35 2.92
37 36 1.41
37 37 0.00
37 38 6.40
38 1 11.31
38 2 7.90
38 3 8.95
38 4 9.84
38 5 10.63
38 6 11.35
38 7 12.01
38 8 12.59
38 9 13.00
38 10 13.60
38 11 5.34
38 12 6.15
38 13 7.08
38 14 8.06
38 15 9.07
38 16 10.09
38 17 11.16
38 18 12.37
38 19 13.60
38 20 3.54
38 21 2.42
38 22 1.48
38 23 1.00
38 24 1.48
38 25 2.42
38 26 3.54
38 27 5.00
38 28 6.40
38 29 6.82
38 30 6.94
38 31 6.99
38 32 7.00
38 33 6.99
38 34 6.94
38 35 6.82
38 36 6.40
38 37 6.40
38 38 0.00
;
param v :=
1 1 0
1 2 35
1 3 60
1 4 49
1 5 52
1 6 43
1 7 54
1 8 46
1 9 43
1 10 42
1 11 59
1 12 38
1 13 58
1 14 45
1 15 55
1 16 40
1 17 41
1 18 53
1 19 55
1 20 43
1 21 58
1 22 41
1 23 40
1 24 48
1 25 52
1 26 35
1 27 44
1 28 54
1 29 35
1 30 55
1 31 46
1 32 44
1 33 54
1 34 40
1 35 40
1 36 49
1 37 54
1 38 46
2 1 36
2 2 0
2 3 49
2 4 52
2 5 36
2 6 54
2 7 46
2 8 56
2 9 49
2 10 45
2 11 36
2 12 56
2 13 37
2 14 52
2 15 53
2 16 40
2 17 49
2 18 56
2 19 35
2 20 41
2 21 43
2 22 57
2 23 59
2 24 42
2 25 43
2 26 48
2 27 58
2 28 54
2 29 49
2 30 35
2 31 52
2 32 40
2 33 56
2 34 53
2 35 52
2 36 59
2 37 60
2 38 38
3 1 36
3 2 54
3 3 0
3 4 49
3 5 50
3 6 60
3 7 58
3 8 39
3 9 43
3 10 46
3 11 39
3 12 44
3 13 40
3 14 57
3 15 35
3 16 42
3 17 56
3 18 52
3 19 40
3 20 54
3 21 59
3 22 35
3 23 39
3 24 41
3 25 53
3 26 53
3 27 47
3 28 45
3 29 55
3 30 39
3 31 59
3 32 47
3 33 49
3 34 42
3 35 42
3 36 53
3 37 35
3 38 49
4 1 56
4 2 49
4 3 43
4 4 0
4 5 48
4 6 51
4 7 52
4 8 60
4 9 39
4 10 48
4 11 46
4 12 55
4 13 44
4 14 53
4 15 49
4 16 52
4 17 47
4 18 60
4 19 44
4 20 42
4 21 40
4 22 42
4 23 50
4 24 56
4 25 53
4 26 41
4 27 44
4 28 41
4 29 60
4 30 37
4 31 48
4 32 46
4 33 52
4 34 43
4 35 57
4 36 53
4 37 59
4 38 36
5 1 49
5 2 53
5 3 38
5 4 37
5 5 0
5 6 49
5 7 43
5 8 52
5 9 44
5 10 55
5 11 39
5 12 43
5 13 51
5 14 38
5 15 55
5 16 50
5 17 59
5 18 55
5 19 54
5 20 54
5 21 51
5 22 50
5 23 58
5 24 55
5 25 53
5 26 42
5 27 55
5 28 38
5 29 59
5 30 46
5 31 48
5 32 42
5 33 47
5 34 45
5 35 57
5 36 55
5 37 39
5 38 45
6 1 52
6 2 53
6 3 53
6 4 60
6 5 42
6 6 0
6 7 59
6 8 41
6 9 47
6 10 35
6 11 49
6 12 39
6 13 57
6 14 48
6 15 47
6 16 48
6 17 39
6 18 54
6 19 50
6 20 35
6 21 48
6 22 39
6 23 38
6 24 49
6 25 55
6 26 42
6 27 53
6 28 50
6 29 57
6 30 39
6 31 49
6 32 59
6 33 57
6 34 60
6 35 38
6 36 58
6 37 54
6 38 48
7 1 52
7 2 58
7 3 37
7 4 60
7 5 59
7 6 55
7 7 0
7 8 57
7 9 42
7 10 57
7 11 42
7 12 56
7 13 35
7 14 41
7 15 60
7 16 38
7 17 39
7 18 42
7 19 40
7 20 57
7 21 38
7 22 40
7 23 41
7 24 55
7 25 55
7 26 44
7 27 49
7 28 35
7 29 49
7 30 47
7 31 42
7 32 51
7 33 55
7 34 42
7 35 55
7 36 45
7 37 60
7 38 42
8 1 60
8 2 35
8 3 58
8 4 46
8 5 51
8 6 40
8 7 53
8 8 0
8 9 42
8 10 44
8 11 53
8 12 59
8 13 35
8 14 49
8 15 35
8 16 35
8 17 37
8 18 46
8 19 53
8 20 37
8 21 58
8 22 38
8 23 36
8 24 53
8 25 56
8 26 38
8 27 49
8 28 45
8 29 46
8 30 49
8 31 48
8 32 37
8 33 57
8 34 37
8 35 42
8 36 37
8 37 51
8 38 35
9 1 53
9 2 38
9 3 60
9 4 43
9 5 39
9 6 50
9 7 46
9 8 35
9 9 0
9 10 43
9 11 48
9 12 39
9 13 45
9 14 39
9 15 55
9 16 57
9 17 46
9 18 56
9 19 57
9 20 44
9 21 47
9 22 37
9 23 36
9 24 42
9 25 37
9 26 38
9 27 39
9 28 56
9 29 58
9 30 60
9 31 44
9 32 47
9 33 49
9 34 57
9 35 58
9 36 38
9 37 43
9 38 53
10 1 48
10 2 41
10 3 50
10 4 50
10 5 45
10 6 41
10 7 43
10 8 48
10 9 60
10 10 0
10 11 39
10 12 42
10 13 52
10 14 38
10 15 49
10 16 40
10 17 35
10 18 56
10 19 39
10 20 53
10 21 44
10 22 48
10 23 40
10 24 55
10 25 44
10 26 56
10 27 38
10 28 41
10 29 46
10 30 39
10 31 58
10 32 36
10 33 58
10 34 36
10 35 47
10 36 45
10 37 46
10 38 41
11 1 47
11 2 47
11 3 50
11 4 53
11 5 42
11 6 47
11 7 46
11 8 36
11 9 47
11 10 44
11 11 0
11 12 55
11 13 42
11 14 57
11 15 47
11 16 39
11 17 41
11 18 50
11 19 38
11 20 53
11 21 59
11 22 39
11 23 41
11 24 45
11 25 60
11 26 44
11 27 49
11 28 49
11 29 60
11 30 43
11 31 45
11 32 59
11 33 41
11 34 52
11 35 53
11 36 45
11 37 48
11 38 37
12 1 55
12 2 50
12 3 51
12 4 44
12 5 57
12 6 53
12 7 56
12 8 53
12 9 51
12 10 37
12 11 47
12 12 0
12 13 52
12 14 49
12 15 45
12 16 58
12 17 55
12 18 55
12 19 50
12 20 59
12 21 56
12 22 48
12 23 48
12 24 39
12 25 60
12 26 60
12 27 47
12 28 54
12 29 35
12 30 49
12 31 40
12 32 60
12 33 45
12 34 50
12 35 58
12 36 49
12 37 48
12 38 39
13 1 48
13 2 41
13 3 51
13 4 36
13 5 52
13 6 57
13 7 54
13 8 55
13 9 54
13 10 53
13 11 48
13 12 41
13 13 0
13 14 38
13 15 56
13 16 35
13 17 35
13 18 57
13 19 52
13 20 49
13 21 49
13 22 55
13 23 51
13 24 53
13 25 54
13 26 39
13 27 58
13 28 57
13 29 42
13 30 42
13 31 50
13 32 52
13 33 42
13 34 57
13 35 58
13 36 41
13 37 46
13 38 49
14 1 47
14 2 40
14 3 48
14 4 49
14 5 43
14 6 55
14 7 40
14 8 49
14 9 45
14 10 41
14 11 51
14 12 46
14 13 41
14 14 0
14 15 43
14 16 49
14 17 43
14 18 38
14 19 55
14 20 40
14 21 41
14 22 59
14 23 35
14 24 36
14 25 60
14 26 59
14 27 36
14 28 43
14 29 43
14 30 55
14 31 45
14 32 35
14 33 42
14 34 41
14 35 60
14 36 35
14 37 39
14 38 51
15 1 51
15 2 45
15 3 52
15 4 54
15 5 47
15 6 56
15 7 53
15 8 35
15 9 58
15 10 41
15 11 38
15 12 48
15 13 60
15 14 41
15 15 0
15 16 37
15 17 60
15 18 56
15 19 37
15 20 58
15 21 46
15 22 50
15 23 60
15 24 43
15 25 57
15 26 47
15 27 39
15 28 52
15 29 41
15 30 50
15 31 46
15 32 53
15 33 51
15 34 47
15 35 55
15 36 56
15 37 49
15 38 47
16 1 45
16 2 46
16 3 36
16 4 41
16 5 53
16 6 47
16 7 55
16 8 60
16 9 42
16 10 49
16 11 52
16 12 45
16 13 51
16 14 39
16 15 48
16 16 0
16 17 40
16 18 59
16 19 44
16 20 54
16 21 44
16 22 40
16 23 53
16 24 48
16 25 46
16 26 49
16 27 43
16 28 47
16 29 53
16 30 40
16 31 44
16 32 58
16 33 49
16 34 46
16 35 43
16 36 43
16 37 59
16 38 57
17 1 51
17 2 46
17 3 57
17 4 38
17 5 55
17 6 53
17 7 57
17 8 57
17 9 42
17 10 50
17 11 42
17 12 58
17 13 41
17 14 53
17 15 59
17 16 43
17 17 0
17 18 37
17 19 45
17 20 56
17 21 48
17 22 40
17 23 57
17 24 56
17 25 39
17 26 58
17 27 59
17 28 53
17 29 51
17 30 45
17 31 36
17 32 44
17 33 53
17 34 56
17 35 41
17 36 37
17 37 45
17 38 60
18 1 54
18 2 43
18 3 37
18 4 53
18 5 48
18 6 42
18 7 55
18 8 42
18 9 46
18 10 50
18 11 49
18 12 37
18 13 35
18 14 48
18 15 56
18 16 50
18 17 48
18 18 0
18 19 52
18 20 48
18 21 42
18 22 39
18 23 41
18 24 59
18 25 51
18 26 56
18 27 51
18 28 58
18 29 50
18 30 42
18 31 39
18 32 51
18 33 60
18 34 47
18 35 46
18 36 50
18 37 60
18 38 41
19 1 51
19 2 57
19 3 53
19 4 38
19 5 59
19 6 36
19 7 42
19 8 58
19 9 41
19 10 52
19 11 39
19 12 46
19 13 47
19 14 55
19 15 42
19 16 47
19 17 36
19 18 53
19 19 0
19 20 54
19 21 35
19 22 48
19 23 37
19 24 49
19 25 47
19 26 53
19 27 39
19 28 39
19 29 51
19 30 40
19 31 38
19 32 46
19 33 59
19 34 35
19 35 39
19 36 40
19 37 57
19 38 49
20 1 36
20 2 60
20 3 37
20 4 36
20 5 54
20 6 42
20 7 59
20 8 39
20 9 44
20 10 45
20 11 39
20 12 41
20 13 35
20 14 42
20 15 49
20 16 44
20 17 36
20 18 39
20 19 44
20 20 0
20 21 57
20 22 37
20 23 39
20 24 53
20 25 38
20 26 38
20 27 43
20 28 54
20 29 36
20 30 40
20 31 56
20 32 50
20 33 45
20 34 58
20 35 40
20 36 43
20 37 38
20 38 46
21 1 46
21 2 41
21 3 47
21 4 45
21 5 36
21 6 59
21 7 36
21 8 59
21 9 58
21 10 56
21 11 59
21 12 47
21 13 46
21 14 49
21 15 59
21 16 44
21 17 52
21 18 43
21 19 40
21 20 44
21 21 0
21 22 48
21 23 50
21 24 52
21 25 51
21 26 52
21 27 58
21 28 41
21 29 38
21 30 52
21 31 54
21 32 51
21 33 47
21 34 38
21 35 46
21 36 48
21 37 41
21 38 44
22 1 49
22 2 58
22 3 46
22 4 60
22 5 58
22 6 56
22 7 59
22 8 53
22 9 49
22 10 57
22 11 59
22 12 52
22 13 41
22 14 35
22 15 37
22 16 56
22 17 59
22 18 37
22 19 55
22 20 56
22 21 42
22 22 0
22 23 38
22 24 40
22 25 39
22 26 49
22 27 49
22 28 55
22 29 49
22 30 44
22 31 50
22 32 53
22 33 56
22 34 38
22 35 41
22 36 41
22 37 49
22 38 47
23 1 48
23 2 58
23 3 50
23 4 37
23 5 51
23 6 50
23 7 44
23 8 54
23 9 38
23 10 45
23 11 44
23 12 40
23 13 46
23 14 41
23 15 53
23 16 41
23 17 46
23 18 48
23 19 45
23 20 54
23 21 36
23 22 56
23 23 0
23 24 40
23 25 50
23 26 41
23 27 39
23 28 54
23 29 47
23 30 50
23 31 38
23 32 47
23 33 44
23 34 55
23 35 41
23 36 35
23 37 44
23 38 54
24 1 48
24 2 45
24 3 39
24 4 45
24 5 42
24 6 46
24 7 38
24 8 43
24 9 47
24 10 36
24 11 59
24 12 46
24 13 45
24 14 54
24 15 56
24 16 40
24 17 42
24 18 39
24 19 50
24 20 44
24 21 54
24 22 56
24 23 51
24 24 0
24 25 55
24 26 48
24 27 42
24 28 57
24 29 52
24 30 60
24 31 42
24 32 35
24 33 35
24 34 59
24 35 40
24 36 50
24 37 53
24 38 44
25 1 52
25 2 56
25 3 47
25 4 39
25 5 36
25 6 42
25 7 41
25 8 40
25 9 39
25 10 41
25 11 59
25 12 56
25 13 38
25 14 57
25 15 58
25 16 36
25 17 59
25 18 47
25 19 50
25 20 39
25 21 43
25 22 35
25 23 54
25 24 44
25 25 0
25 26 58
25 27 54
25 28 39
25 29 55
25 30 60
25 31 38
25 32 52
25 33 57
25 34 42
25 35 56
25 36 46
25 37 43
25 38 53
26 1 42
26 2 55
26 3 58
26 4 45
26 5 37
26 6 36
26 7 47
26 8 60
26 9 51
26 10 48
26 11 57
26 12 55
26 13 36
26 14 46
26 15 46
26 16 36
26 17 51
26 18 58
26 19 57
26 20 58
26 21 55
26 22 52
26 23 44
26 24 45
26 25 38
26 26 0
26 27 50
26 28 57
26 29 47
26 30 43
26 31 57
26 32 44
26 33 58
26 34 46
26 35 39
26 36 39
26 37 45
26 38 48
27 1 36
27 2 44
27 3 51
27 4 36
27 5 50
27 6 48
27 7 58
27 8 42
27 9 40
27 10 59
27 11 53
27 12 53
27 13 57
27 14 36
27 15 48
27 16 52
27 17 47
27 18 41
27 19 55
27 20 42
27 21 38
27 22 53
27 23 42
27 24 53
27 25 40
27 26 59
27 27 0
27 28 53
27 29 45
27 30 38
27 31 53
27 32 49
27 33 51
27 34 55
27 35 38
27 36 43
27 37 47
27 38 44
28 1 42
28 2 56
28 3 41
28 4 39
28 5 53
28 6 53
28 7 43
28 8 52
28 9 36
28 10 53
28 11 44
28 12 36
28 13 55
28 14 56
28 15 58
28 16 37
28 17 37
28 18 52
28 19 41
28 20 50
28 21 43
28 22 56
28 23 38
28 24 38
28 25 44
28 26 52
28 27 41
28 28 0
28 29 44
28 30 42
28 31 49
28 32 36
28 33 36
28 34 43
28 35 36
28 36 58
28 37 52
28 38 59
29 1 42
29 2 45
29 3 49
29 4 46
29 5 40
29 6 59
29 7 41
29 8 36
29 9 41
29 10 54
29 11 35
29 12 39
29 13 50
29 14 56
29 15 43
29 16 57
29 17 49
29 18 45
29 19 59
29 20 57
29 21 42
29 22 43
29 23 41
29 24 35
29 25 58
29 26 37
29 27 41
29 28 41
29 29 0
29 30 47
29 31 38
29 32 35
29 33 39
29 34 58
29 35 37
29 36 60
29 37 56
29 38 58
30 1 38
30 2 38
30 3 38
30 4 38
30 5 59
30 6 50
30 7 55
30 8 56
30 9 47
30 10 59
30 11 38
30 12 50
30 13 52
30 14 47
30 15 54
30 16 42
30 17 42
30 18 58
30 19 40
30 20 57
30 21 58
30 22 60
30 23 58
30 24 36
30 25 60
30 26 45
30 27 52
30 28 45
30 29 45
30 30 0
30 31 37
30 32 60
30 33 51
30 34 59
30 35 42
30 36 47
30 37 44
30 38 47
31 1 39
31 2 36
31 3 51
31 4 56
31 5 51
31 6 60
31 7 47
31 8 41
31 9 57
31 10 38
31 11 39
31 12 40
31 13 46
31 14 41
31 15 46
31 16 38
31 17 40
31 18 42
31 19 58
31 20 41
31 21 57
31 22 37
31 23 58
31 24 56
31 25 54
31 26 38
31 27 39
31 28 42
31 29 56
31 30 56
31 31 0
31 32 53
31 33 55
31 34 47
31 35 51
31 36 49
31 37 43
31 38 45
32 1 47
32 2 36
32 3 38
32 4 42
32 5 50
32 6 36
32 7 51
32 8 43
32 9 54
32 10 43
32 11 36
32 12 54
32 13 59
32 14 40
32 15 46
32 16 57
32 17 58
32 18 52
32 19 42
32 20 42
32 21 35
32 22 48
32 23 56
32 24 57
32 25 41
32 26 56
32 27 36
32 28 50
32 29 47
32 30 59
32 31 45
32 32 0
32 33 47
32 34 42
32 35 56
32 36 59
32 37 53
32 38 37
33 1 48
33 2 53
33 3 37
33 4 39
33 5 43
33 6 51
33 7 48
33 8 54
33 9 45
33 10 42
33 11 59
33 12 57
33 13 59
33 14 39
33 15 38
33 16 48
33 17 41
33 18 35
33 19 39
33 20 50
33 21 58
33 22 44
33 23 54
33 24 39
33 25 50
33 26 50
33 27 36
33 28 59
33 29 57
33 30 56
33 31 54
33 32 38
33 33 0
33 34 45
33 35 45
33 36 44
33 37 45
33 38 46
34 1 37
34 2 54
34 3 41
34 4 38
34 5 55
34 6 38
34 7 40
34 8 44
34 9 50
34 10 45
34 11 60
34 12 59
34 13 36
34 14 46
34 15 40
34 16 53
34 17 42
34 18 41
34 19 54
34 20 39
34 21 48
34 22 38
34 23 35
34 24 60
34 25 50
34 26 37
34 27 37
34 28 50
34 29 60
34 30 52
34 31 56
34 32 53
34 33 39
34 34 0
34 35 46
34 36 50
34 37 55
34 38 38
35 1 41
35 2 47
35 3 57
35 4 43
35 5 50
35 6 35
35 7 35
35 8 54
35 9 56
35 10 54
35 11 58
35 12 60
35 13 41
35 14 56
35 15 37
35 16 45
35 17 58
35 18 35
35 19 44
35 20 44
35 21 41
35 22 56
35 23 55
35 24 36
35 25 57
35 26 51
35 27 52
35 28 48
35 29 48
35 30 42
35 31 42
35 32 54
35 33 38
35 34 58
35 35 0
35 36 57
35 37 58
35 38 37
36 1 58
36 2 39
36 3 48
36 4 55
36 5 40
36 6 39
36 7 43
36 8 46
36 9 58
36 10 58
36 11 39
36 12 56
36 13 39
36 14 50
36 15 60
36 16 56
36 17 46
36 18 35
36 19 38
36 20 59
36 21 50
36 22 49
36 23 45
36 24 50
36 25 46
36 26 44
36 27 42
36 28 45
36 29 39
36 30 55
36 31 56
36 32 47
36 33 58
36 34 57
36 35 53
36 36 0
36 37 43
36 38 39
37 1 39
37 2 35
37 3 53
37 4 41
37 5 44
37 6 58
37 7 47
37 8 53
37 9 40
37 10 46
37 11 46
37 12 43
37 13 44
37 14 53
37 15 47
37 16 48
37 17 57
37 18 42
37 19 53
37 20 40
37 21 39
37 22 37
37 23 42
37 24 40
37 25 42
37 26 38
37 27 54
37 28 55
37 29 44
37 30 47
37 31 50
37 32 48
37 33 36
37 34 58
37 35 52
37 36 57
37 37 0
37 38 55
38 1 42
38 2 55
38 3 49
38 4 35
38 5 40
38 6 49
38 7 35
38 8 54
38 9 49
38 10 51
38 11 54
38 12 58
38 13 43
38 14 60
38 15 60
38 16 45
38 17 37
38 18 38
38 19 45
38 20 45
38 21 53
38 22 48
38 23 38
38 24 38
38 25 60
38 26 39
38 27 56
38 28 48
38 29 59
38 30 48
38 31 41
38 32 48
38 33 37
38 34 40
38 35 48
38 36 40
38 37 55
38 38 0
;
param Rinit :=
1 1 0
1 2 0
1 3 0
1 4 0
1 5 0
1 6 0
1 7 0
1 8 0
38 1 0
38 2 0
38 3 0
38 4 0
38 5 0
38 6 0
38 7 0
38 8 0
;