param sigma
: 1 2 :=
1	1e-05	0.99999
2	0.1	0.9
3	0.2	0.8
4	0.3	0.7
5	0.4	0.6
6	0.5	0.5
7	0.6	0.4
8	0.7	0.3
9	0.8	0.2
10	0.9	0.1
11	0.99999	1e-05
;

set O := 1 53;
set R := 2 3 4 5 6 7 8 9 10 11 12 13 14 15 16 17 18 19 20 21 22 23 24 25 26 27 28 29 30 31 32 33 34 35 36 37 38 39 40 41 42 43 44 45 46 47 48 49 50 51 52;
set S := 1 53;
set K := 1 2 3 4 5 6 7 8 9 10 11;
param b := 48;
param theta := 2247.0;
param peso_vacio := 3500;
param alpha :=
0 0
1 0
2 0
3 0
4 0
;
param beta :=
0 0.2
1 -0.1
2 0
3 0
4 0
;
param gamma :=
0 16.4
1 2.2
2 2.2
3 0.6
4 0.4
;
param delta :=
0 0
1 0
2 0
3 0
4 0
;
param epsilon :=
0 0.3
1 0
2 0
3 0
4 0
;
param zeta :=
0 2.4
1 2.5
2 1.3
3 4.5
4 3.3
;
param hta :=
0 1
1 1
2 1
3 1
4 1
;
param dm :=
1 0
2 17
3 16
4 15
5 14
6 13
7 12
8 11
9 10
10 9
11 8
12 7
13 6
14 5
15 4
16 3
17 2
18 1
19 17
20 16
21 15
22 14
23 13
24 12
25 11
26 10
27 9
28 8
29 7
30 6
31 5
32 4
33 3
34 2
35 1
36 17
37 16
38 15
39 14
40 13
41 12
42 11
43 10
44 9
45 8
46 7
47 6
48 5
49 4
50 3
51 2
52 1
53 0
;
param d :=
1 1 0.00
1 2 8.63
1 3 7.52
1 4 6.50
1 5 5.54
1 6 4.61
1 7 3.72
1 8 2.86
1 9 2.08
1 10 1.49
1 11 1.36
1 12 1.82
1 13 2.59
1 14 3.50
1 15 4.53
1 16 5.70
1 17 7.36
1 18 8.78
1 19 13.69
1 20 14.83
1 21 15.71
1 22 16.45
1 23 17.10
1 24 17.68
1 25 18.22
1 26 18.71
1 27 19.16
1 28 19.57
1 29 19.95
1 30 20.28
1 31 20.56
1 32 20.76
1 33 20.83
1 34 20.43
1 35 20.67
1 36 10.12
1 37 10.86
1 38 11.76
1 39 12.72
1 40 13.70
1 41 14.70
1 42 15.70
1 43 16.70
1 44 17.70
1 45 18.70
1 46 19.70
1 47 20.71
1 48 21.73
1 49 22.78
1 50 23.87
1 51 25.17
1 52 26.38
1 53 15.22
2 1 8.63
2 2 0.00
2 3 1.41
2 4 2.61
2 5 3.70
2 6 4.73
2 7 5.71
2 8 6.66
2 9 7.59
2 10 8.51
2 11 9.41
2 12 10.31
2 13 11.21
2 14 12.12
2 15 13.04
2 16 14.00
2 17 15.13
2 18 16.29
2 19 5.58
2 20 6.45
2 21 7.18
2 22 7.84
2 23 8.47
2 24 9.07
2 25 9.66
2 26 10.23
2 27 10.80
2 28 11.36
2 29 11.91
2 30 12.45
2 31 12.98
2 32 13.49
2 33 13.96
2 34 14.28
2 35 15.04
2 36 5.58
2 37 6.99
2 38 8.18
2 39 9.27
2 40 10.27
2 41 11.21
2 42 12.12
2 43 12.99
2 44 13.84
2 45 14.66
2 46 15.47
2 47 16.26
2 48 17.03
2 49 17.79
2 50 18.53
2 51 19.23
2 52 20.16
2 53 7.29
3 1 7.52
3 2 1.41
3 3 0.00
3 4 1.21
3 5 2.32
3 6 3.36
3 7 4.37
3 8 5.35
3 9 6.31
3 10 7.25
3 11 8.19
3 12 9.13
3 13 10.07
3 14 11.02
3 15 12.00
3 16 13.04
3 17 14.31
3 18 15.54
3 19 6.99
3 20 7.83
3 21 8.51
3 22 9.11
3 23 9.66
3 24 10.19
3 25 10.70
3 26 11.20
3 27 11.68
3 28 12.16
3 29 12.62
3 30 13.07
3 31 13.50
3 32 13.89
3 33 14.23
3 34 14.34
3 35 14.97
3 36 6.45
3 37 7.83
3 38 9.04
3 39 10.14
3 40 11.18
3 41 12.16
3 42 13.10
3 43 14.01
3 44 14.89
3 45 15.74
3 46 16.59
3 47 17.41
3 48 18.22
3 49 19.02
3 50 19.80
3 51 20.56
3 52 21.51
3 53 8.70
4 1 6.50
4 2 2.61
4 3 1.21
4 4 0.00
4 5 1.11
4 6 2.17
4 7 3.19
4 8 4.18
4 9 5.16
4 10 6.12
4 11 7.08
4 12 8.04
4 13 9.01
4 14 10.00
4 15 11.02
4 16 12.12
4 17 13.50
4 18 14.78
4 19 8.18
4 20 9.04
4 21 9.71
4 22 10.29
4 23 10.81
4 24 11.30
4 25 11.77
4 26 12.22
4 27 12.66
4 28 13.08
4 29 13.48
4 30 13.86
4 31 14.22
4 32 14.54
4 33 14.77
4 34 14.71
4 35 15.23
4 36 7.18
4 37 8.51
4 38 9.71
4 39 10.82
4 40 11.87
4 41 12.87
4 42 13.84
4 43 14.77
4 44 15.68
4 45 16.57
4 46 17.44
4 47 18.29
4 48 19.14
4 49 19.97
4 50 20.79
4 51 21.62
4 52 22.60
4 53 9.89
5 1 5.54
5 2 3.70
5 3 2.32
5 4 1.11
5 5 0.00
5 6 1.06
5 7 2.09
5 8 3.09
5 9 4.07
5 10 5.05
5 11 6.03
5 12 7.01
5 13 8.00
5 14 9.01
5 15 10.07
5 16 11.21
5 17 12.69
5 18 14.01
5 19 9.26
5 20 10.14
5 21 10.82
5 22 11.40
5 23 11.91
5 24 12.39
5 25 12.84
5 26 13.26
5 27 13.66
5 28 14.05
5 29 14.41
5 30 14.75
5 31 15.05
5 32 15.31
5 33 15.46
5 34 15.27
5 35 15.70
5 36 7.84
5 37 9.11
5 38 10.29
5 39 11.40
5 40 12.46
5 41 13.47
5 42 14.46
5 43 15.41
5 44 16.34
5 45 17.25
5 46 18.15
5 47 19.03
5 48 19.91
5 49 20.77
5 50 21.64
5 51 22.53
5 52 23.54
5 53 10.96
6 1 4.61
6 2 4.73
6 3 3.36
6 4 2.17
6 5 1.06
6 6 0.00
6 7 1.03
6 8 2.04
6 9 3.03
6 10 4.02
6 11 5.01
6 12 6.00
6 13 7.01
6 14 8.04
6 15 9.13
6 16 10.31
6 17 11.87
6 18 13.23
6 19 10.27
6 20 11.18
6 21 11.87
6 22 12.46
6 23 12.97
6 24 13.45
6 25 13.88
6 26 14.29
6 27 14.68
6 28 15.04
6 29 15.37
6 30 15.68
6 31 15.95
6 32 16.16
6 33 16.25
6 34 15.95
6 35 16.31
6 36 8.47
6 37 9.66
6 38 10.81
6 39 11.91
6 40 12.97
6 41 14.00
6 42 14.99
6 43 15.97
6 44 16.92
6 45 17.85
6 46 18.77
6 47 19.68
6 48 20.58
6 49 21.48
6 50 22.38
6 51 23.33
6 52 24.38
6 53 11.95
7 1 3.72
7 2 5.71
7 3 4.37
7 4 3.19
7 5 2.09
7 6 1.03
7 7 0.00
7 8 1.01
7 9 2.01
7 10 3.00
7 11 4.00
7 12 5.01
7 13 6.03
7 14 7.08
7 15 8.19
7 16 9.41
7 17 11.05
7 18 12.44
7 19 11.21
7 20 12.16
7 21 12.87
7 22 13.47
7 23 14.00
7 24 14.47
7 25 14.91
7 26 15.31
7 27 15.69
7 28 16.04
7 29 16.36
7 30 16.64
7 31 16.88
7 32 17.06
7 33 17.11
7 34 16.73
7 35 17.02
7 36 9.07
7 37 10.19
7 38 11.30
7 39 12.39
7 40 13.45
7 41 14.47
7 42 15.48
7 43 16.46
7 44 17.43
7 45 18.38
7 46 19.32
7 47 20.25
7 48 21.18
7 49 22.11
7 50 23.05
7 51 24.07
7 52 25.14
7 53 12.88
8 1 2.86
8 2 6.66
8 3 5.35
8 4 4.18
8 5 3.09
8 6 2.04
8 7 1.01
8 8 0.00
8 9 1.00
8 10 2.00
8 11 3.00
8 12 4.02
8 13 5.05
8 14 6.12
8 15 7.25
8 16 8.51
8 17 10.22
8 18 11.64
8 19 12.12
8 20 13.10
8 21 13.84
8 22 14.46
8 23 14.99
8 24 15.48
8 25 15.92
8 26 16.32
8 27 16.70
8 28 17.04
8 29 17.35
8 30 17.62
8 31 17.84
8 32 17.99
8 33 18.01
8 34 17.57
8 35 17.81
8 36 9.66
8 37 10.70
8 38 11.77
8 39 12.84
8 40 13.88
8 41 14.91
8 42 15.92
8 43 16.91
8 44 17.89
8 45 18.86
8 46 19.81
8 47 20.77
8 48 21.72
8 49 22.68
8 50 23.66
8 51 24.74
8 52 25.84
8 53 13.77
9 1 2.08
9 2 7.59
9 3 6.31
9 4 5.16
9 5 4.07
9 6 3.03
9 7 2.01
9 8 1.00
9 9 0.00
9 10 1.00
9 11 2.01
9 12 3.03
9 13 4.07
9 14 5.16
9 15 6.31
9 16 7.59
9 17 9.38
9 18 10.82
9 19 12.99
9 20 14.01
9 21 14.77
9 22 15.41
9 23 15.97
9 24 16.46
9 25 16.91
9 26 17.32
9 27 17.70
9 28 18.04
9 29 18.34
9 30 18.61
9 31 18.82
9 32 18.96
9 33 18.95
9 34 18.46
9 35 18.66
9 36 10.23
9 37 11.20
9 38 12.22
9 39 13.26
9 40 14.29
9 41 15.31
9 42 16.32
9 43 17.32
9 44 18.31
9 45 19.29
9 46 20.26
9 47 21.24
9 48 22.21
9 49 23.20
9 50 24.21
9 51 25.35
9 52 26.49
9 53 14.62
10 1 1.49
10 2 8.51
10 3 7.25
10 4 6.12
10 5 5.05
10 6 4.02
10 7 3.00
10 8 2.00
10 9 1.00
10 10 0.00
10 11 1.01
10 12 2.04
10 13 3.09
10 14 4.18
10 15 5.35
10 16 6.66
10 17 8.52
10 18 9.97
10 19 13.84
10 20 14.89
10 21 15.68
10 22 16.34
10 23 16.92
10 24 17.43
10 25 17.89
10 26 18.31
10 27 18.69
10 28 19.04
10 29 19.35
10 30 19.61
10 31 19.82
10 32 19.95
10 33 19.93
10 34 19.40
10 35 19.57
10 36 10.80
10 37 11.68
10 38 12.66
10 39 13.66
10 40 14.68
10 41 15.69
10 42 16.70
10 43 17.70
10 44 18.69
10 45 19.68
10 46 20.67
10 47 21.66
10 48 22.66
10 49 23.67
10 50 24.72
10 51 25.92
10 52 27.09
10 53 15.44
11 1 1.36
11 2 9.41
11 3 8.19
11 4 7.08
11 5 6.03
11 6 5.01
11 7 4.00
11 8 3.00
11 9 2.01
11 10 1.01
11 11 0.00
11 12 1.03
11 13 2.09
11 14 3.19
11 15 4.37
11 16 5.71
11 17 7.63
11 18 9.10
11 19 14.66
11 20 15.75
11 21 16.57
11 22 17.25
11 23 17.85
11 24 18.38
11 25 18.86
11 26 19.29
11 27 19.68
11 28 20.04
11 29 20.35
11 30 20.62
11 31 20.83
11 32 20.95
11 33 20.93
11 34 20.38
11 35 20.53
11 36 11.36
11 37 12.16
11 38 13.08
11 39 14.05
11 40 15.04
11 41 16.04
11 42 17.04
11 43 18.04
11 44 19.04
11 45 20.04
11 46 21.04
11 47 22.04
11 48 23.06
11 49 24.10
11 50 25.18
11 51 26.45
11 52 27.64
11 53 16.24
12 1 1.82
12 2 10.31
12 3 9.13
12 4 8.04
12 5 7.01
12 6 6.00
12 7 5.01
12 8 4.02
12 9 3.03
12 10 2.04
12 11 1.03
12 12 0.00
12 13 1.06
12 14 2.17
12 15 3.36
12 16 4.73
12 17 6.71
12 18 8.19
12 19 15.47
12 20 16.59
12 21 17.44
12 22 18.15
12 23 18.77
12 24 19.32
12 25 19.81
12 26 20.26
12 27 20.67
12 28 21.04
12 29 21.36
12 30 21.64
12 31 21.85
12 32 21.98
12 33 21.95
12 34 21.40
12 35 21.54
12 36 11.91
12 37 12.62
12 38 13.48
12 39 14.41
12 40 15.37
12 41 16.36
12 42 17.35
12 43 18.35
12 44 19.35
12 45 20.35
12 46 21.36
12 47 22.38
12 48 23.42
12 49 24.48
12 50 25.60
12 51 26.93
12 52 28.15
12 53 17.02
13 1 2.59
13 2 11.21
13 3 10.07
13 4 9.01
13 5 8.00
13 6 7.01
13 7 6.03
13 8 5.05
13 9 4.07
13 10 3.09
13 11 2.09
13 12 1.06
13 13 0.00
13 14 1.11
13 15 2.32
13 16 3.70
13 17 5.74
13 18 7.23
13 19 16.26
13 20 17.41
13 21 18.29
13 22 19.03
13 23 19.68
13 24 20.25
13 25 20.77
13 26 21.24
13 27 21.66
13 28 22.04
13 29 22.38
13 30 22.67
13 31 22.90
13 32 23.03
13 33 23.01
13 34 22.46
13 35 22.59
13 36 12.45
13 37 13.07
13 38 13.86
13 39 14.75
13 40 15.68
13 41 16.64
13 42 17.62
13 43 18.61
13 44 19.61
13 45 20.62
13 46 21.64
13 47 22.67
13 48 23.72
13 49 24.81
13 50 25.96
13 51 27.35
13 52 28.60
13 53 17.77
14 1 3.50
14 2 12.12
14 3 11.02
14 4 10.00
14 5 9.01
14 6 8.04
14 7 7.08
14 8 6.12
14 9 5.16
14 10 4.18
14 11 3.19
14 12 2.17
14 13 1.11
14 14 0.00
14 15 1.21
14 16 2.61
14 17 4.71
14 18 6.20
14 19 17.03
14 20 18.22
14 21 19.14
14 22 19.91
14 23 20.58
14 24 21.18
14 25 21.72
14 26 22.21
14 27 22.66
14 28 23.06
14 29 23.42
14 30 23.72
14 31 23.96
14 32 24.11
14 33 24.11
14 34 23.57
14 35 23.71
14 36 12.98
14 37 13.50
14 38 14.22
14 39 15.05
14 40 15.95
14 41 16.88
14 42 17.84
14 43 18.82
14 44 19.82
14 45 20.83
14 46 21.85
14 47 22.90
14 48 23.96
14 49 25.07
14 50 26.26
14 51 27.72
14 52 29.00
14 53 18.50
15 1 4.53
15 2 13.04
15 3 12.00
15 4 11.02
15 5 10.07
15 6 9.13
15 7 8.19
15 8 7.25
15 9 6.31
15 10 5.35
15 11 4.37
15 12 3.36
15 13 2.32
15 14 1.21
15 15 0.00
15 16 1.41
15 17 3.56
15 18 5.04
15 19 17.79
15 20 19.02
15 21 19.97
15 22 20.77
15 23 21.48
15 24 22.11
15 25 22.68
15 26 23.20
15 27 23.67
15 28 24.10
15 29 24.48
15 30 24.81
15 31 25.07
15 32 25.24
15 33 25.26
15 34 24.75
15 35 24.90
15 36 13.49
15 37 13.89
15 38 14.54
15 39 15.31
15 40 16.16
15 41 17.06
15 42 17.99
15 43 18.96
15 44 19.95
15 45 20.95
15 46 21.98
15 47 23.03
15 48 24.12
15 49 25.25
15 50 26.46
15 51 27.99
15 52 29.31
15 53 19.21
16 1 5.70
16 2 14.00
16 3 13.04
16 4 12.12
16 5 11.21
16 6 10.31
16 7 9.41
16 8 8.51
16 9 7.59
16 10 6.66
16 11 5.71
16 12 4.73
16 13 3.70
16 14 2.61
16 15 1.41
16 16 0.00
16 17 2.20
16 18 3.66
16 19 18.53
16 20 19.80
16 21 20.79
16 22 21.64
16 23 22.38
16 24 23.05
16 25 23.66
16 26 24.21
16 27 24.72
16 28 25.18
16 29 25.60
16 30 25.96
16 31 26.26
16 32 26.46
16 33 26.52
16 34 26.06
16 35 26.23
16 36 13.96
16 37 14.23
16 38 14.77
16 39 15.46
16 40 16.25
16 41 17.11
16 42 18.01
16 43 18.95
16 44 19.93
16 45 20.93
16 46 21.95
16 47 23.01
16 48 24.11
16 49 25.26
16 50 26.52
16 51 28.13
16 52 29.47
16 53 19.88
17 1 7.36
17 2 15.13
17 3 14.31
17 4 13.50
17 5 12.69
17 6 11.87
17 7 11.05
17 8 10.22
17 9 9.38
17 10 8.52
17 11 7.63
17 12 6.71
17 13 5.74
17 14 4.71
17 15 3.56
17 16 2.20
17 17 0.00
17 18 1.49
17 19 19.23
17 20 20.56
17 21 21.62
17 22 22.53
17 23 23.33
17 24 24.07
17 25 24.74
17 26 25.35
17 27 25.92
17 28 26.45
17 29 26.93
17 30 27.35
17 31 27.72
17 32 27.99
17 33 28.13
17 34 27.78
17 35 28.03
17 36 14.29
17 37 14.34
17 38 14.71
17 39 15.27
17 40 15.95
17 41 16.73
17 42 17.57
17 43 18.46
17 44 19.40
17 45 20.38
17 46 21.40
17 47 22.46
17 48 23.57
17 49 24.75
17 50 26.06
17 51 27.78
17 52 29.17
17 53 20.46
18 1 8.78
18 2 16.29
18 3 15.54
18 4 14.78
18 5 14.01
18 6 13.23
18 7 12.44
18 8 11.64
18 9 10.82
18 10 9.97
18 11 9.10
18 12 8.19
18 13 7.23
18 14 6.20
18 15 5.04
18 16 3.66
18 17 1.49
18 18 0.00
18 19 20.16
18 20 21.51
18 21 22.60
18 22 23.54
18 23 24.38
18 24 25.14
18 25 25.84
18 26 26.49
18 27 27.09
18 28 27.64
18 29 28.15
18 30 28.60
18 31 29.00
18 32 29.31
18 33 29.47
18 34 29.17
18 35 29.44
18 36 15.04
18 37 14.97
18 38 15.23
18 39 15.70
18 40 16.31
18 41 17.02
18 42 17.81
18 43 18.66
18 44 19.57
18 45 20.53
18 46 21.54
18 47 22.59
18 48 23.71
18 49 24.90
18 50 26.23
18 51 28.03
18 52 29.44
18 53 21.32
19 1 13.69
19 2 5.58
19 3 6.99
19 4 8.18
19 5 9.26
19 6 10.27
19 7 11.21
19 8 12.12
19 9 12.99
19 10 13.84
19 11 14.66
19 12 15.47
19 13 16.26
19 14 17.03
19 15 17.79
19 16 18.53
19 17 19.23
19 18 20.16
19 19 0.00
19 20 1.41
19 21 2.61
19 22 3.70
19 23 4.73
19 24 5.71
19 25 6.66
19 26 7.59
19 27 8.51
19 28 9.41
19 29 10.31
19 30 11.21
19 31 12.12
19 32 13.04
19 33 14.00
19 34 15.13
19 35 16.29
19 36 5.58
19 37 6.45
19 38 7.18
19 39 7.84
19 40 8.47
19 41 9.07
19 42 9.66
19 43 10.23
19 44 10.80
19 45 11.36
19 46 11.91
19 47 12.45
19 48 12.98
19 49 13.49
19 50 13.96
19 51 14.28
19 52 15.04
19 53 1.73
20 1 14.83
20 2 6.45
20 3 7.83
20 4 9.04
20 5 10.14
20 6 11.18
20 7 12.16
20 8 13.10
20 9 14.01
20 10 14.89
20 11 15.75
20 12 16.59
20 13 17.41
20 14 18.22
20 15 19.02
20 16 19.80
20 17 20.56
20 18 21.51
20 19 1.41
20 20 0.00
20 21 1.21
20 22 2.32
20 23 3.36
20 24 4.37
20 25 5.35
20 26 6.31
20 27 7.25
20 28 8.19
20 29 9.13
20 30 10.07
20 31 11.02
20 32 12.00
20 33 13.04
20 34 14.31
20 35 15.54
20 36 6.99
20 37 7.83
20 38 8.51
20 39 9.11
20 40 9.66
20 41 10.19
20 42 10.70
20 43 11.20
20 44 11.68
20 45 12.16
20 46 12.62
20 47 13.07
20 48 13.50
20 49 13.89
20 50 14.23
20 51 14.34
20 52 14.97
20 53 1.75
21 1 15.71
21 2 7.18
21 3 8.51
21 4 9.71
21 5 10.82
21 6 11.87
21 7 12.87
21 8 13.84
21 9 14.77
21 10 15.68
21 11 16.57
21 12 17.44
21 13 18.29
21 14 19.14
21 15 19.97
21 16 20.79
21 17 21.62
21 18 22.60
21 19 2.61
21 20 1.21
21 21 0.00
21 22 1.11
21 23 2.17
21 24 3.19
21 25 4.18
21 26 5.16
21 27 6.12
21 28 7.08
21 29 8.04
21 30 9.01
21 31 10.00
21 32 11.02
21 33 12.12
21 34 13.50
21 35 14.78
21 36 8.18
21 37 9.04
21 38 9.71
21 39 10.29
21 40 10.81
21 41 11.30
21 42 11.77
21 43 12.22
21 44 12.66
21 45 13.08
21 46 13.48
21 47 13.86
21 48 14.22
21 49 14.54
21 50 14.77
21 51 14.71
21 52 15.23
21 53 2.64
22 1 16.45
22 2 7.84
22 3 9.11
22 4 10.29
22 5 11.40
22 6 12.46
22 7 13.47
22 8 14.46
22 9 15.41
22 10 16.34
22 11 17.25
22 12 18.15
22 13 19.03
22 14 19.91
22 15 20.77
22 16 21.64
22 17 22.53
22 18 23.54
22 19 3.70
22 20 2.32
22 21 1.11
22 22 0.00
22 23 1.06
22 24 2.09
22 25 3.09
22 26 4.07
22 27 5.05
22 28 6.03
22 29 7.01
22 30 8.00
22 31 9.01
22 32 10.07
22 33 11.21
22 34 12.69
22 35 14.01
22 36 9.26
22 37 10.14
22 38 10.82
22 39 11.40
22 40 11.91
22 41 12.39
22 42 12.84
22 43 13.26
22 44 13.66
22 45 14.05
22 46 14.41
22 47 14.75
22 48 15.05
22 49 15.31
22 50 15.46
22 51 15.27
22 52 15.70
22 53 3.68
23 1 17.10
23 2 8.47
23 3 9.66
23 4 10.81
23 5 11.91
23 6 12.97
23 7 14.00
23 8 14.99
23 9 15.97
23 10 16.92
23 11 17.85
23 12 18.77
23 13 19.68
23 14 20.58
23 15 21.48
23 16 22.38
23 17 23.33
23 18 24.38
23 19 4.73
23 20 3.36
23 21 2.17
23 22 1.06
23 23 0.00
23 24 1.03
23 25 2.04
23 26 3.03
23 27 4.02
23 28 5.01
23 29 6.00
23 30 7.01
23 31 8.04
23 32 9.13
23 33 10.31
23 34 11.88
23 35 13.23
23 36 10.27
23 37 11.18
23 38 11.87
23 39 12.46
23 40 12.97
23 41 13.44
23 42 13.88
23 43 14.29
23 44 14.68
23 45 15.04
23 46 15.37
23 47 15.68
23 48 15.95
23 49 16.16
23 50 16.25
23 51 15.95
23 52 16.31
23 53 4.73
24 1 17.68
24 2 9.07
24 3 10.19
24 4 11.30
24 5 12.39
24 6 13.45
24 7 14.47
24 8 15.48
24 9 16.46
24 10 17.43
24 11 18.38
24 12 19.32
24 13 20.25
24 14 21.18
24 15 22.11
24 16 23.05
24 17 24.07
24 18 25.14
24 19 5.71
24 20 4.37
24 21 3.19
24 22 2.09
24 23 1.03
24 24 0.00
24 25 1.01
24 26 2.01
24 27 3.00
24 28 4.00
24 29 5.01
24 30 6.03
24 31 7.08
24 32 8.19
24 33 9.41
24 34 11.05
24 35 12.44
24 36 11.21
24 37 12.16
24 38 12.87
24 39 13.47
24 40 14.00
24 41 14.47
24 42 14.91
24 43 15.31
24 44 15.69
24 45 16.04
24 46 16.36
24 47 16.64
24 48 16.88
24 49 17.06
24 50 17.11
24 51 16.73
24 52 17.02
24 53 5.76
25 1 18.22
25 2 9.66
25 3 10.70
25 4 11.77
25 5 12.84
25 6 13.88
25 7 14.91
25 8 15.92
25 9 16.91
25 10 17.89
25 11 18.86
25 12 19.81
25 13 20.77
25 14 21.72
25 15 22.68
25 16 23.66
25 17 24.74
25 18 25.84
25 19 6.66
25 20 5.35
25 21 4.18
25 22 3.09
25 23 2.04
25 24 1.01
25 25 0.00
25 26 1.00
25 27 2.00
25 28 3.00
25 29 4.02
25 30 5.05
25 31 6.12
25 32 7.25
25 33 8.51
25 34 10.22
25 35 11.64
25 36 12.12
25 37 13.10
25 38 13.84
25 39 14.46
25 40 14.99
25 41 15.48
25 42 15.92
25 43 16.32
25 44 16.70
25 45 17.04
25 46 17.35
25 47 17.62
25 48 17.84
25 49 18.00
25 50 18.01
25 51 17.57
25 52 17.81
25 53 6.77
26 1 18.71
26 2 10.23
26 3 11.20
26 4 12.22
26 5 13.26
26 6 14.29
26 7 15.31
26 8 16.32
26 9 17.32
26 10 18.31
26 11 19.29
26 12 20.26
26 13 21.24
26 14 22.21
26 15 23.20
26 16 24.21
26 17 25.35
26 18 26.49
26 19 7.59
26 20 6.31
26 21 5.16
26 22 4.07
26 23 3.03
26 24 2.01
26 25 1.00
26 26 0.00
26 27 1.00
26 28 2.01
26 29 3.03
26 30 4.07
26 31 5.16
26 32 6.31
26 33 7.59
26 34 9.38
26 35 10.82
26 36 12.99
26 37 14.01
26 38 14.77
26 39 15.41
26 40 15.97
26 41 16.46
26 42 16.91
26 43 17.32
26 44 17.70
26 45 18.04
26 46 18.34
26 47 18.61
26 48 18.82
26 49 18.96
26 50 18.95
26 51 18.46
26 52 18.66
26 53 7.76
27 1 19.16
27 2 10.80
27 3 11.68
27 4 12.66
27 5 13.66
27 6 14.68
27 7 15.69
27 8 16.70
27 9 17.70
27 10 18.69
27 11 19.68
27 12 20.67
27 13 21.66
27 14 22.66
27 15 23.67
27 16 24.72
27 17 25.92
27 18 27.09
27 19 8.51
27 20 7.25
27 21 6.12
27 22 5.05
27 23 4.02
27 24 3.00
27 25 2.00
27 26 1.00
27 27 0.00
27 28 1.01
27 29 2.03
27 30 3.09
27 31 4.18
27 32 5.35
27 33 6.66
27 34 8.52
27 35 9.97
27 36 13.84
27 37 14.89
27 38 15.68
27 39 16.34
27 40 16.92
27 41 17.43
27 42 17.89
27 43 18.31
27 44 18.69
27 45 19.04
27 46 19.35
27 47 19.61
27 48 19.82
27 49 19.95
27 50 19.93
27 51 19.40
27 52 19.57
27 53 8.74
28 1 19.57
28 2 11.36
28 3 12.16
28 4 13.08
28 5 14.05
28 6 15.04
28 7 16.04
28 8 17.04
28 9 18.04
28 10 19.04
28 11 20.04
28 12 21.04
28 13 22.04
28 14 23.06
28 15 24.10
28 16 25.18
28 17 26.45
28 18 27.64
28 19 9.41
28 20 8.19
28 21 7.08
28 22 6.03
28 23 5.01
28 24 4.00
28 25 3.00
28 26 2.01
28 27 1.01
28 28 0.00
28 29 1.03
28 30 2.09
28 31 3.19
28 32 4.37
28 33 5.71
28 34 7.63
28 35 9.10
28 36 14.66
28 37 15.75
28 38 16.57
28 39 17.25
28 40 17.85
28 41 18.38
28 42 18.86
28 43 19.29
28 44 19.68
28 45 20.04
28 46 20.35
28 47 20.62
28 48 20.83
28 49 20.95
28 50 20.93
28 51 20.38
28 52 20.53
28 53 9.71
29 1 19.95
29 2 11.91
29 3 12.62
29 4 13.48
29 5 14.41
29 6 15.37
29 7 16.36
29 8 17.35
29 9 18.34
29 10 19.35
29 11 20.35
29 12 21.36
29 13 22.38
29 14 23.42
29 15 24.48
29 16 25.60
29 17 26.93
29 18 28.15
29 19 10.31
29 20 9.13
29 21 8.04
29 22 7.01
29 23 6.00
29 24 5.01
29 25 4.02
29 26 3.03
29 27 2.03
29 28 1.03
29 29 0.00
29 30 1.06
29 31 2.17
29 32 3.36
29 33 4.73
29 34 6.71
29 35 8.19
29 36 15.47
29 37 16.58
29 38 17.44
29 39 18.15
29 40 18.77
29 41 19.32
29 42 19.81
29 43 20.26
29 44 20.67
29 45 21.04
29 46 21.36
29 47 21.64
29 48 21.85
29 49 21.98
29 50 21.95
29 51 21.40
29 52 21.54
29 53 10.68
30 1 20.28
30 2 12.45
30 3 13.07
30 4 13.86
30 5 14.75
30 6 15.68
30 7 16.64
30 8 17.62
30 9 18.61
30 10 19.61
30 11 20.62
30 12 21.64
30 13 22.67
30 14 23.72
30 15 24.81
30 16 25.96
30 17 27.35
30 18 28.60
30 19 11.21
30 20 10.07
30 21 9.01
30 22 8.00
30 23 7.01
30 24 6.03
30 25 5.05
30 26 4.07
30 27 3.09
30 28 2.09
30 29 1.06
30 30 0.00
30 31 1.11
30 32 2.32
30 33 3.70
30 34 5.74
30 35 7.23
30 36 16.26
30 37 17.41
30 38 18.29
30 39 19.03
30 40 19.68
30 41 20.25
30 42 20.77
30 43 21.24
30 44 21.66
30 45 22.04
30 46 22.38
30 47 22.67
30 48 22.90
30 49 23.03
30 50 23.01
30 51 22.46
30 52 22.59
30 53 11.66
31 1 20.56
31 2 12.98
31 3 13.50
31 4 14.22
31 5 15.05
31 6 15.95
31 7 16.88
31 8 17.84
31 9 18.82
31 10 19.82
31 11 20.83
31 12 21.85
31 13 22.90
31 14 23.96
31 15 25.07
31 16 26.26
31 17 27.72
31 18 29.00
31 19 12.12
31 20 11.02
31 21 10.00
31 22 9.01
31 23 8.04
31 24 7.08
31 25 6.12
31 26 5.16
31 27 4.18
31 28 3.19
31 29 2.17
31 30 1.11
31 31 0.00
31 32 1.21
31 33 2.61
31 34 4.71
31 35 6.20
31 36 17.03
31 37 18.22
31 38 19.14
31 39 19.91
31 40 20.58
31 41 21.18
31 42 21.72
31 43 22.21
31 44 22.66
31 45 23.06
31 46 23.42
31 47 23.72
31 48 23.96
31 49 24.12
31 50 24.11
31 51 23.57
31 52 23.71
31 53 12.64
32 1 20.76
32 2 13.49
32 3 13.89
32 4 14.54
32 5 15.31
32 6 16.16
32 7 17.06
32 8 17.99
32 9 18.96
32 10 19.95
32 11 20.95
32 12 21.98
32 13 23.03
32 14 24.11
32 15 25.24
32 16 26.46
32 17 27.99
32 18 29.31
32 19 13.04
32 20 12.00
32 21 11.02
32 22 10.07
32 23 9.13
32 24 8.19
32 25 7.25
32 26 6.31
32 27 5.35
32 28 4.37
32 29 3.36
32 30 2.32
32 31 1.21
32 32 0.00
32 33 1.41
32 34 3.56
32 35 5.04
32 36 17.79
32 37 19.01
32 38 19.97
32 39 20.77
32 40 21.48
32 41 22.11
32 42 22.68
32 43 23.20
32 44 23.67
32 45 24.10
32 46 24.48
32 47 24.81
32 48 25.07
32 49 25.25
32 50 25.26
32 51 24.75
32 52 24.90
32 53 13.66
33 1 20.83
33 2 13.96
33 3 14.23
33 4 14.77
33 5 15.46
33 6 16.25
33 7 17.11
33 8 18.01
33 9 18.95
33 10 19.93
33 11 20.93
33 12 21.95
33 13 23.01
33 14 24.11
33 15 25.26
33 16 26.52
33 17 28.13
33 18 29.47
33 19 14.00
33 20 13.04
33 21 12.12
33 22 11.21
33 23 10.31
33 24 9.41
33 25 8.51
33 26 7.59
33 27 6.66
33 28 5.71
33 29 4.73
33 30 3.70
33 31 2.61
33 32 1.41
33 33 0.00
33 34 2.20
33 35 3.66
33 36 18.53
33 37 19.80
33 38 20.79
33 39 21.64
33 40 22.38
33 41 23.05
33 42 23.66
33 43 24.21
33 44 24.72
33 45 25.18
33 46 25.60
33 47 25.96
33 48 26.26
33 49 26.46
33 50 26.52
33 51 26.06
33 52 26.23
33 53 14.73
34 1 20.43
34 2 14.28
34 3 14.34
34 4 14.71
34 5 15.27
34 6 15.95
34 7 16.73
34 8 17.57
34 9 18.46
34 10 19.40
34 11 20.38
34 12 21.40
34 13 22.46
34 14 23.57
34 15 24.75
34 16 26.06
34 17 27.78
34 18 29.17
34 19 15.13
34 20 14.31
34 21 13.50
34 22 12.69
34 23 11.88
34 24 11.05
34 25 10.22
34 26 9.38
34 27 8.52
34 28 7.63
34 29 6.71
34 30 5.74
34 31 4.71
34 32 3.56
34 33 2.20
34 34 0.00
34 35 1.49
34 36 19.23
34 37 20.56
34 38 21.62
34 39 22.53
34 40 23.33
34 41 24.07
34 42 24.74
34 43 25.35
34 44 25.92
34 45 26.45
34 46 26.93
34 47 27.35
34 48 27.72
34 49 28.00
34 50 28.13
34 51 27.78
34 52 28.03
34 53 16.04
35 1 20.67
35 2 15.04
35 3 14.97
35 4 15.23
35 5 15.70
35 6 16.31
35 7 17.02
35 8 17.81
35 9 18.66
35 10 19.57
35 11 20.53
35 12 21.54
35 13 22.59
35 14 23.71
35 15 24.90
35 16 26.23
35 17 28.03
35 18 29.44
35 19 16.29
35 20 15.54
35 21 14.78
35 22 14.01
35 23 13.23
35 24 12.44
35 25 11.64
35 26 10.82
35 27 9.97
35 28 9.10
35 29 8.19
35 30 7.23
35 31 6.20
35 32 5.04
35 33 3.66
35 34 1.49
35 35 0.00
35 36 20.16
35 37 21.51
35 38 22.60
35 39 23.54
35 40 24.38
35 41 25.14
35 42 25.84
35 43 26.49
35 44 27.09
35 45 27.64
35 46 28.15
35 47 28.60
35 48 29.00
35 49 29.31
35 50 29.47
35 51 29.17
35 52 29.44
35 53 17.28
36 1 10.12
36 2 5.58
36 3 6.45
36 4 7.18
36 5 7.84
36 6 8.47
36 7 9.07
36 8 9.66
36 9 10.23
36 10 10.80
36 11 11.36
36 12 11.91
36 13 12.45
36 14 12.98
36 15 13.49
36 16 13.96
36 17 14.29
36 18 15.04
36 19 5.58
36 20 6.99
36 21 8.18
36 22 9.26
36 23 10.27
36 24 11.21
36 25 12.12
36 26 12.99
36 27 13.84
36 28 14.66
36 29 15.47
36 30 16.26
36 31 17.03
36 32 17.79
36 33 18.53
36 34 19.23
36 35 20.16
36 36 0.00
36 37 1.41
36 38 2.61
36 39 3.70
36 40 4.73
36 41 5.71
36 42 6.66
36 43 7.59
36 44 8.51
36 45 9.41
36 46 10.31
36 47 11.21
36 48 12.12
36 49 13.04
36 50 14.00
36 51 15.13
36 52 16.29
36 53 6.38
37 1 10.86
37 2 6.99
37 3 7.83
37 4 8.51
37 5 9.11
37 6 9.66
37 7 10.19
37 8 10.70
37 9 11.20
37 10 11.68
37 11 12.16
37 12 12.62
37 13 13.07
37 14 13.50
37 15 13.89
37 16 14.23
37 17 14.34
37 18 14.97
37 19 6.45
37 20 7.83
37 21 9.04
37 22 10.14
37 23 11.18
37 24 12.16
37 25 13.10
37 26 14.01
37 27 14.89
37 28 15.75
37 29 16.58
37 30 17.41
37 31 18.22
37 32 19.01
37 33 19.80
37 34 20.56
37 35 21.51
37 36 1.41
37 37 0.00
37 38 1.21
37 39 2.32
37 40 3.36
37 41 4.37
37 42 5.35
37 43 6.31
37 44 7.25
37 45 8.19
37 46 9.13
37 47 10.07
37 48 11.02
37 49 12.00
37 50 13.04
37 51 14.31
37 52 15.54
37 53 6.95
38 1 11.76
38 2 8.18
38 3 9.04
38 4 9.71
38 5 10.29
38 6 10.81
38 7 11.30
38 8 11.77
38 9 12.22
38 10 12.66
38 11 13.08
38 12 13.48
38 13 13.86
38 14 14.22
38 15 14.54
38 16 14.77
38 17 14.71
38 18 15.23
38 19 7.18
38 20 8.51
38 21 9.71
38 22 10.82
38 23 11.87
38 24 12.87
38 25 13.84
38 26 14.77
38 27 15.68
38 28 16.57
38 29 17.44
38 30 18.29
38 31 19.14
38 32 19.97
38 33 20.79
38 34 21.62
38 35 22.60
38 36 2.61
38 37 1.21
38 38 0.00
38 39 1.11
38 40 2.17
38 41 3.19
38 42 4.18
38 43 5.16
38 44 6.12
38 45 7.08
38 46 8.04
38 47 9.01
38 48 10.00
38 49 11.02
38 50 12.12
38 51 13.50
38 52 14.78
38 53 7.43
39 1 12.72
39 2 9.27
39 3 10.14
39 4 10.82
39 5 11.40
39 6 11.91
39 7 12.39
39 8 12.84
39 9 13.26
39 10 13.66
39 11 14.05
39 12 14.41
39 13 14.75
39 14 15.05
39 15 15.31
39 16 15.46
39 17 15.27
39 18 15.70
39 19 7.84
39 20 9.11
39 21 10.29
39 22 11.40
39 23 12.46
39 24 13.47
39 25 14.46
39 26 15.41
39 27 16.34
39 28 17.25
39 29 18.15
39 30 19.03
39 31 19.91
39 32 20.77
39 33 21.64
39 34 22.53
39 35 23.54
39 36 3.70
39 37 2.32
39 38 1.11
39 39 0.00
39 40 1.06
39 41 2.08
39 42 3.09
39 43 4.07
39 44 5.05
39 45 6.03
39 46 7.01
39 47 8.00
39 48 9.01
39 49 10.07
39 50 11.21
39 51 12.69
39 52 14.01
39 53 7.87
40 1 13.70
40 2 10.27
40 3 11.18
40 4 11.87
40 5 12.46
40 6 12.97
40 7 13.45
40 8 13.88
40 9 14.29
40 10 14.68
40 11 15.04
40 12 15.37
40 13 15.68
40 14 15.95
40 15 16.16
40 16 16.25
40 17 15.95
40 18 16.31
40 19 8.47
40 20 9.66
40 21 10.81
40 22 11.91
40 23 12.97
40 24 14.00
40 25 14.99
40 26 15.97
40 27 16.92
40 28 17.85
40 29 18.77
40 30 19.68
40 31 20.58
40 32 21.48
40 33 22.38
40 34 23.33
40 35 24.38
40 36 4.73
40 37 3.36
40 38 2.17
40 39 1.06
40 40 0.00
40 41 1.03
40 42 2.03
40 43 3.03
40 44 4.02
40 45 5.01
40 46 6.00
40 47 7.01
40 48 8.04
40 49 9.13
40 50 10.31
40 51 11.87
40 52 13.23
40 53 8.30
41 1 14.70
41 2 11.21
41 3 12.16
41 4 12.87
41 5 13.47
41 6 14.00
41 7 14.47
41 8 14.91
41 9 15.31
41 10 15.69
41 11 16.04
41 12 16.36
41 13 16.64
41 14 16.88
41 15 17.06
41 16 17.11
41 17 16.73
41 18 17.02
41 19 9.07
41 20 10.19
41 21 11.30
41 22 12.39
41 23 13.44
41 24 14.47
41 25 15.48
41 26 16.46
41 27 17.43
41 28 18.38
41 29 19.32
41 30 20.25
41 31 21.18
41 32 22.11
41 33 23.05
41 34 24.07
41 35 25.14
41 36 5.71
41 37 4.37
41 38 3.19
41 39 2.08
41 40 1.03
41 41 0.00
41 42 1.01
41 43 2.01
41 44 3.00
41 45 4.00
41 46 5.01
41 47 6.03
41 48 7.08
41 49 8.19
41 50 9.41
41 51 11.05
41 52 12.44
41 53 8.73
42 1 15.70
42 2 12.12
42 3 13.10
42 4 13.84
42 5 14.46
42 6 14.99
42 7 15.48
42 8 15.92
42 9 16.32
42 10 16.70
42 11 17.04
42 12 17.35
42 13 17.62
42 14 17.84
42 15 17.99
42 16 18.01
42 17 17.57
42 18 17.81
42 19 9.66
42 20 10.70
42 21 11.77
42 22 12.84
42 23 13.88
42 24 14.91
42 25 15.92
42 26 16.91
42 27 17.89
42 28 18.86
42 29 19.81
42 30 20.77
42 31 21.72
42 32 22.68
42 33 23.66
42 34 24.74
42 35 25.84
42 36 6.66
42 37 5.35
42 38 4.18
42 39 3.09
42 40 2.03
42 41 1.01
42 42 0.00
42 43 1.00
42 44 2.00
42 45 3.00
42 46 4.02
42 47 5.05
42 48 6.12
42 49 7.25
42 50 8.51
42 51 10.22
42 52 11.64
42 53 9.15
43 1 16.70
43 2 12.99
43 3 14.01
43 4 14.77
43 5 15.41
43 6 15.97
43 7 16.46
43 8 16.91
43 9 17.32
43 10 17.70
43 11 18.04
43 12 18.35
43 13 18.61
43 14 18.82
43 15 18.96
43 16 18.95
43 17 18.46
43 18 18.66
43 19 10.23
43 20 11.20
43 21 12.22
43 22 13.26
43 23 14.29
43 24 15.31
43 25 16.32
43 26 17.32
43 27 18.31
43 28 19.29
43 29 20.26
43 30 21.24
43 31 22.21
43 32 23.20
43 33 24.21
43 34 25.35
43 35 26.49
43 36 7.59
43 37 6.31
43 38 5.16
43 39 4.07
43 40 3.03
43 41 2.01
43 42 1.00
43 43 0.00
43 44 1.00
43 45 2.01
43 46 3.03
43 47 4.07
43 48 5.16
43 49 6.31
43 50 7.59
43 51 9.38
43 52 10.82
43 53 9.58
44 1 17.70
44 2 13.84
44 3 14.89
44 4 15.68
44 5 16.34
44 6 16.92
44 7 17.43
44 8 17.89
44 9 18.31
44 10 18.69
44 11 19.04
44 12 19.35
44 13 19.61
44 14 19.82
44 15 19.95
44 16 19.93
44 17 19.40
44 18 19.57
44 19 10.80
44 20 11.68
44 21 12.66
44 22 13.66
44 23 14.68
44 24 15.69
44 25 16.70
44 26 17.70
44 27 18.69
44 28 19.68
44 29 20.67
44 30 21.66
44 31 22.66
44 32 23.67
44 33 24.72
44 34 25.92
44 35 27.09
44 36 8.51
44 37 7.25
44 38 6.12
44 39 5.05
44 40 4.02
44 41 3.00
44 42 2.00
44 43 1.00
44 44 0.00
44 45 1.01
44 46 2.04
44 47 3.09
44 48 4.18
44 49 5.35
44 50 6.66
44 51 8.51
44 52 9.97
44 53 10.02
45 1 18.70
45 2 14.66
45 3 15.74
45 4 16.57
45 5 17.25
45 6 17.85
45 7 18.38
45 8 18.86
45 9 19.29
45 10 19.68
45 11 20.04
45 12 20.35
45 13 20.62
45 14 20.83
45 15 20.95
45 16 20.93
45 17 20.38
45 18 20.53
45 19 11.36
45 20 12.16
45 21 13.08
45 22 14.05
45 23 15.04
45 24 16.04
45 25 17.04
45 26 18.04
45 27 19.04
45 28 20.04
45 29 21.04
45 30 22.04
45 31 23.06
45 32 24.10
45 33 25.18
45 34 26.45
45 35 27.64
45 36 9.41
45 37 8.19
45 38 7.08
45 39 6.03
45 40 5.01
45 41 4.00
45 42 3.00
45 43 2.01
45 44 1.01
45 45 0.00
45 46 1.03
45 47 2.09
45 48 3.19
45 49 4.37
45 50 5.71
45 51 7.63
45 52 9.10
45 53 10.45
46 1 19.70
46 2 15.47
46 3 16.59
46 4 17.44
46 5 18.15
46 6 18.77
46 7 19.32
46 8 19.81
46 9 20.26
46 10 20.67
46 11 21.04
46 12 21.36
46 13 21.64
46 14 21.85
46 15 21.98
46 16 21.95
46 17 21.40
46 18 21.54
46 19 11.91
46 20 12.62
46 21 13.48
46 22 14.41
46 23 15.37
46 24 16.36
46 25 17.35
46 26 18.34
46 27 19.35
46 28 20.35
46 29 21.36
46 30 22.38
46 31 23.42
46 32 24.48
46 33 25.60
46 34 26.93
46 35 28.15
46 36 10.31
46 37 9.13
46 38 8.04
46 39 7.01
46 40 6.00
46 41 5.01
46 42 4.02
46 43 3.03
46 44 2.04
46 45 1.03
46 46 0.00
46 47 1.06
46 48 2.17
46 49 3.36
46 50 4.73
46 51 6.71
46 52 8.19
46 53 10.89
47 1 20.71
47 2 16.26
47 3 17.41
47 4 18.29
47 5 19.03
47 6 19.68
47 7 20.25
47 8 20.77
47 9 21.24
47 10 21.66
47 11 22.04
47 12 22.38
47 13 22.67
47 14 22.90
47 15 23.03
47 16 23.01
47 17 22.46
47 18 22.59
47 19 12.45
47 20 13.07
47 21 13.86
47 22 14.75
47 23 15.68
47 24 16.64
47 25 17.62
47 26 18.61
47 27 19.61
47 28 20.62
47 29 21.64
47 30 22.67
47 31 23.72
47 32 24.81
47 33 25.96
47 34 27.35
47 35 28.60
47 36 11.21
47 37 10.07
47 38 9.01
47 39 8.00
47 40 7.01
47 41 6.03
47 42 5.05
47 43 4.07
47 44 3.09
47 45 2.09
47 46 1.06
47 47 0.00
47 48 1.11
47 49 2.32
47 50 3.70
47 51 5.74
47 52 7.23
47 53 11.32
48 1 21.73
48 2 17.03
48 3 18.22
48 4 19.14
48 5 19.91
48 6 20.58
48 7 21.18
48 8 21.72
48 9 22.21
48 10 22.66
48 11 23.06
48 12 23.42
48 13 23.72
48 14 23.96
48 15 24.12
48 16 24.11
48 17 23.57
48 18 23.71
48 19 12.98
48 20 13.50
48 21 14.22
48 22 15.05
48 23 15.95
48 24 16.88
48 25 17.84
48 26 18.82
48 27 19.82
48 28 20.83
48 29 21.85
48 30 22.90
48 31 23.96
48 32 25.07
48 33 26.26
48 34 27.72
48 35 29.00
48 36 12.12
48 37 11.02
48 38 10.00
48 39 9.01
48 40 8.04
48 41 7.08
48 42 6.12
48 43 5.16
48 44 4.18
48 45 3.19
48 46 2.17
48 47 1.11
48 48 0.00
48 49 1.21
48 50 2.61
48 51 4.71
48 52 6.20
48 53 11.74
49 1 22.78
49 2 17.79
49 3 19.02
49 4 19.97
49 5 20.77
49 6 21.48
49 7 22.11
49 8 22.68
49 9 23.20
49 10 23.67
49 11 24.10
49 12 24.48
49 13 24.81
49 14 25.07
49 15 25.25
49 16 25.26
49 17 24.75
49 18 24.90
49 19 13.49
49 20 13.89
49 21 14.54
49 22 15.31
49 23 16.16
49 24 17.06
49 25 18.00
49 26 18.96
49 27 19.95
49 28 20.95
49 29 21.98
49 30 23.03
49 31 24.12
49 32 25.25
49 33 26.46
49 34 28.00
49 35 29.31
49 36 13.04
49 37 12.00
49 38 11.02
49 39 10.07
49 40 9.13
49 41 8.19
49 42 7.25
49 43 6.31
49 44 5.35
49 45 4.37
49 46 3.36
49 47 2.32
49 48 1.21
49 49 0.00
49 50 1.41
49 51 3.56
49 52 5.04
49 53 12.15
50 1 23.87
50 2 18.53
50 3 19.80
50 4 20.79
50 5 21.64
50 6 22.38
50 7 23.05
50 8 23.66
50 9 24.21
50 10 24.72
50 11 25.18
50 12 25.60
50 13 25.96
50 14 26.26
50 15 26.46
50 16 26.52
50 17 26.06
50 18 26.23
50 19 13.96
50 20 14.23
50 21 14.77
50 22 15.46
50 23 16.25
50 24 17.11
50 25 18.01
50 26 18.95
50 27 19.93
50 28 20.93
50 29 21.95
50 30 23.01
50 31 24.11
50 32 25.26
50 33 26.52
50 34 28.13
50 35 29.47
50 36 14.00
50 37 13.04
50 38 12.12
50 39 11.21
50 40 10.31
50 41 9.41
50 42 8.51
50 43 7.59
50 44 6.66
50 45 5.71
50 46 4.73
50 47 3.70
50 48 2.61
50 49 1.41
50 50 0.00
50 51 2.20
50 52 3.66
50 53 12.51
51 1 25.17
51 2 19.23
51 3 20.56
51 4 21.62
51 5 22.53
51 6 23.33
51 7 24.07
51 8 24.74
51 9 25.35
51 10 25.92
51 11 26.45
51 12 26.93
51 13 27.35
51 14 27.72
51 15 27.99
51 16 28.13
51 17 27.78
51 18 28.03
51 19 14.28
51 20 14.34
51 21 14.71
51 22 15.27
51 23 15.95
51 24 16.73
51 25 17.57
51 26 18.46
51 27 19.40
51 28 20.38
51 29 21.40
51 30 22.46
51 31 23.57
51 32 24.75
51 33 26.06
51 34 27.78
51 35 29.17
51 36 15.13
51 37 14.31
51 38 13.50
51 39 12.69
51 40 11.87
51 41 11.05
51 42 10.22
51 43 9.38
51 44 8.51
51 45 7.63
51 46 6.71
51 47 5.74
51 48 4.71
51 49 3.56
51 50 2.20
51 51 0.00
51 52 1.49
51 53 12.70
52 1 26.38
52 2 20.16
52 3 21.51
52 4 22.60
52 5 23.54
52 6 24.38
52 7 25.14
52 8 25.84
52 9 26.49
52 10 27.09
52 11 27.64
52 12 28.15
52 13 28.60
52 14 29.00
52 15 29.31
52 16 29.47
52 17 29.17
52 18 29.44
52 19 15.04
52 20 14.97
52 21 15.23
52 22 15.70
52 23 16.31
52 24 17.02
52 25 17.81
52 26 18.66
52 27 19.57
52 28 20.53
52 29 21.54
52 30 22.59
52 31 23.71
52 32 24.90
52 33 26.23
52 34 28.03
52 35 29.44
52 36 16.29
52 37 15.54
52 38 14.78
52 39 14.01
52 40 13.23
52 41 12.44
52 42 11.64
52 43 10.82
52 44 9.97
52 45 9.10
52 46 8.19
52 47 7.23
52 48 6.20
52 49 5.04
52 50 3.66
52 51 1.49
52 52 0.00
52 53 13.40
53 1 15.22
53 2 7.29
53 3 8.70
53 4 9.89
53 5 10.96
53 6 11.95
53 7 12.88
53 8 13.77
53 9 14.62
53 10 15.44
53 11 16.24
53 12 17.02
53 13 17.77
53 14 18.50
53 15 19.21
53 16 19.88
53 17 20.46
53 18 21.32
53 19 1.73
53 20 1.75
53 21 2.64
53 22 3.68
53 23 4.73
53 24 5.76
53 25 6.77
53 26 7.76
53 27 8.74
53 28 9.71
53 29 10.68
53 30 11.66
53 31 12.64
53 32 13.66
53 33 14.73
53 34 16.04
53 35 17.28
53 36 6.38
53 37 6.95
53 38 7.43
53 39 7.87
53 40 8.30
53 41 8.73
53 42 9.15
53 43 9.58
53 44 10.02
53 45 10.45
53 46 10.89
53 47 11.32
53 48 11.74
53 49 12.15
53 50 12.51
53 51 12.70
53 52 13.40
53 53 0.00
;
param v :=
1 1 0
1 2 35
1 3 46
1 4 42
1 5 43
1 6 41
1 7 39
1 8 54
1 9 51
1 10 54
1 11 47
1 12 43
1 13 45
1 14 51
1 15 36
1 16 36
1 17 36
1 18 36
1 19 53
1 20 54
1 21 44
1 22 57
1 23 41
1 24 59
1 25 53
1 26 36
1 27 49
1 28 38
1 29 55
1 30 59
1 31 57
1 32 43
1 33 47
1 34 39
1 35 58
1 36 36
1 37 59
1 38 38
1 39 39
1 40 41
1 41 52
1 42 43
1 43 39
1 44 51
1 45 47
1 46 43
1 47 56
1 48 52
1 49 37
1 50 39
1 51 48
1 52 51
1 53 50
2 1 47
2 2 0
2 3 46
2 4 47
2 5 38
2 6 59
2 7 58
2 8 47
2 9 42
2 10 43
2 11 50
2 12 46
2 13 38
2 14 43
2 15 54
2 16 53
2 17 40
2 18 50
2 19 50
2 20 56
2 21 39
2 22 36
2 23 37
2 24 52
2 25 54
2 26 55
2 27 44
2 28 43
2 29 46
2 30 39
2 31 40
2 32 51
2 33 41
2 34 37
2 35 51
2 36 43
2 37 48
2 38 52
2 39 53
2 40 49
2 41 49
2 42 50
2 43 48
2 44 37
2 45 58
2 46 40
2 47 40
2 48 37
2 49 38
2 50 42
2 51 58
2 52 57
2 53 40
3 1 54
3 2 45
3 3 0
3 4 48
3 5 44
3 6 53
3 7 41
3 8 52
3 9 48
3 10 37
3 11 56
3 12 41
3 13 54
3 14 45
3 15 52
3 16 60
3 17 47
3 18 38
3 19 39
3 20 40
3 21 49
3 22 47
3 23 52
3 24 53
3 25 40
3 26 50
3 27 46
3 28 55
3 29 45
3 30 58
3 31 47
3 32 43
3 33 38
3 34 42
3 35 37
3 36 51
3 37 37
3 38 53
3 39 42
3 40 44
3 41 55
3 42 54
3 43 54
3 44 57
3 45 36
3 46 42
3 47 59
3 48 57
3 49 60
3 50 47
3 51 56
3 52 58
3 53 41
4 1 54
4 2 43
4 3 39
4 4 0
4 5 42
4 6 44
4 7 35
4 8 53
4 9 43
4 10 38
4 11 49
4 12 53
4 13 48
4 14 57
4 15 42
4 16 35
4 17 38
4 18 45
4 19 38
4 20 58
4 21 35
4 22 36
4 23 44
4 24 59
4 25 45
4 26 44
4 27 44
4 28 50
4 29 45
4 30 48
4 31 45
4 32 37
4 33 52
4 34 58
4 35 54
4 36 58
4 37 43
4 38 53
4 39 39
4 40 39
4 41 57
4 42 59
4 43 55
4 44 45
4 45 52
4 46 40
4 47 55
4 48 37
4 49 60
4 50 58
4 51 52
4 52 45
4 53 42
5 1 41
5 2 42
5 3 54
5 4 36
5 5 0
5 6 55
5 7 50
5 8 40
5 9 35
5 10 45
5 11 46
5 12 47
5 13 37
5 14 42
5 15 51
5 16 52
5 17 43
5 18 36
5 19 57
5 20 36
5 21 47
5 22 57
5 23 43
5 24 59
5 25 57
5 26 38
5 27 54
5 28 58
5 29 43
5 30 56
5 31 35
5 32 35
5 33 42
5 34 54
5 35 41
5 36 41
5 37 46
5 38 41
5 39 60
5 40 56
5 41 48
5 42 56
5 43 57
5 44 40
5 45 36
5 46 52
5 47 45
5 48 52
5 49 50
5 50 37
5 51 40
5 52 55
5 53 49
6 1 55
6 2 60
6 3 49
6 4 54
6 5 43
6 6 0
6 7 48
6 8 39
6 9 43
6 10 44
6 11 39
6 12 43
6 13 48
6 14 57
6 15 41
6 16 57
6 17 58
6 18 46
6 19 55
6 20 40
6 21 50
6 22 54
6 23 45
6 24 50
6 25 42
6 26 50
6 27 35
6 28 43
6 29 42
6 30 53
6 31 58
6 32 56
6 33 46
6 34 48
6 35 53
6 36 41
6 37 54
6 38 56
6 39 51
6 40 48
6 41 44
6 42 39
6 43 47
6 44 51
6 45 37
6 46 52
6 47 49
6 48 41
6 49 52
6 50 40
6 51 43
6 52 59
6 53 58
7 1 35
7 2 45
7 3 39
7 4 36
7 5 45
7 6 59
7 7 0
7 8 59
7 9 59
7 10 44
7 11 51
7 12 44
7 13 52
7 14 46
7 15 56
7 16 36
7 17 55
7 18 46
7 19 55
7 20 38
7 21 41
7 22 56
7 23 43
7 24 50
7 25 50
7 26 53
7 27 56
7 28 54
7 29 36
7 30 40
7 31 57
7 32 46
7 33 48
7 34 39
7 35 57
7 36 56
7 37 37
7 38 57
7 39 36
7 40 46
7 41 43
7 42 40
7 43 53
7 44 38
7 45 50
7 46 36
7 47 57
7 48 48
7 49 45
7 50 58
7 51 53
7 52 40
7 53 48
8 1 36
8 2 51
8 3 37
8 4 38
8 5 56
8 6 43
8 7 46
8 8 0
8 9 46
8 10 52
8 11 40
8 12 38
8 13 37
8 14 48
8 15 36
8 16 53
8 17 41
8 18 48
8 19 45
8 20 59
8 21 43
8 22 56
8 23 35
8 24 48
8 25 46
8 26 56
8 27 53
8 28 57
8 29 53
8 30 40
8 31 35
8 32 51
8 33 36
8 34 57
8 35 59
8 36 54
8 37 42
8 38 54
8 39 41
8 40 38
8 41 43
8 42 45
8 43 39
8 44 56
8 45 41
8 46 37
8 47 39
8 48 55
8 49 35
8 50 52
8 51 50
8 52 48
8 53 49
9 1 43
9 2 58
9 3 49
9 4 50
9 5 41
9 6 52
9 7 59
9 8 49
9 9 0
9 10 39
9 11 60
9 12 46
9 13 51
9 14 55
9 15 41
9 16 38
9 17 57
9 18 37
9 19 35
9 20 37
9 21 39
9 22 40
9 23 39
9 24 56
9 25 51
9 26 41
9 27 49
9 28 54
9 29 44
9 30 44
9 31 45
9 32 50
9 33 40
9 34 58
9 35 55
9 36 57
9 37 47
9 38 43
9 39 36
9 40 51
9 41 54
9 42 47
9 43 58
9 44 42
9 45 54
9 46 51
9 47 41
9 48 57
9 49 42
9 50 53
9 51 37
9 52 55
9 53 58
10 1 40
10 2 42
10 3 53
10 4 47
10 5 45
10 6 39
10 7 56
10 8 56
10 9 48
10 10 0
10 11 49
10 12 51
10 13 41
10 14 50
10 15 51
10 16 50
10 17 35
10 18 58
10 19 46
10 20 44
10 21 38
10 22 59
10 23 46
10 24 53
10 25 40
10 26 45
10 27 60
10 28 35
10 29 51
10 30 41
10 31 58
10 32 38
10 33 50
10 34 38
10 35 46
10 36 50
10 37 52
10 38 60
10 39 48
10 40 53
10 41 59
10 42 48
10 43 50
10 44 42
10 45 43
10 46 60
10 47 42
10 48 59
10 49 53
10 50 44
10 51 50
10 52 58
10 53 47
11 1 52
11 2 47
11 3 60
11 4 52
11 5 46
11 6 58
11 7 37
11 8 48
11 9 47
11 10 45
11 11 0
11 12 60
11 13 60
11 14 51
11 15 56
11 16 43
11 17 44
11 18 46
11 19 36
11 20 43
11 21 48
11 22 59
11 23 41
11 24 50
11 25 36
11 26 50
11 27 40
11 28 57
11 29 48
11 30 54
11 31 44
11 32 43
11 33 49
11 34 51
11 35 51
11 36 54
11 37 57
11 38 46
11 39 50
11 40 52
11 41 50
11 42 47
11 43 47
11 44 59
11 45 44
11 46 35
11 47 35
11 48 47
11 49 46
11 50 49
11 51 60
11 52 46
11 53 60
12 1 54
12 2 58
12 3 53
12 4 43
12 5 48
12 6 54
12 7 53
12 8 48
12 9 56
12 10 59
12 11 42
12 12 0
12 13 46
12 14 36
12 15 56
12 16 54
12 17 58
12 18 60
12 19 54
12 20 56
12 21 45
12 22 46
12 23 59
12 24 46
12 25 49
12 26 54
12 27 58
12 28 38
12 29 47
12 30 58
12 31 49
12 32 48
12 33 53
12 34 48
12 35 60
12 36 41
12 37 45
12 38 54
12 39 49
12 40 49
12 41 38
12 42 48
12 43 48
12 44 37
12 45 55
12 46 42
12 47 50
12 48 49
12 49 50
12 50 51
12 51 57
12 52 59
12 53 58
13 1 37
13 2 45
13 3 53
13 4 52
13 5 46
13 6 55
13 7 58
13 8 54
13 9 56
13 10 46
13 11 45
13 12 53
13 13 0
13 14 38
13 15 44
13 16 35
13 17 44
13 18 41
13 19 53
13 20 37
13 21 53
13 22 37
13 23 53
13 24 60
13 25 58
13 26 38
13 27 43
13 28 60
13 29 54
13 30 52
13 31 53
13 32 38
13 33 60
13 34 35
13 35 42
13 36 54
13 37 49
13 38 39
13 39 51
13 40 39
13 41 50
13 42 53
13 43 48
13 44 38
13 45 50
13 46 42
13 47 52
13 48 37
13 49 58
13 50 60
13 51 44
13 52 51
13 53 45
14 1 60
14 2 39
14 3 36
14 4 57
14 5 55
14 6 52
14 7 59
14 8 60
14 9 38
14 10 51
14 11 59
14 12 40
14 13 46
14 14 0
14 15 58
14 16 47
14 17 46
14 18 57
14 19 58
14 20 51
14 21 35
14 22 41
14 23 51
14 24 51
14 25 54
14 26 50
14 27 36
14 28 44
14 29 36
14 30 53
14 31 56
14 32 40
14 33 36
14 34 35
14 35 44
14 36 43
14 37 35
14 38 51
14 39 54
14 40 48
14 41 38
14 42 35
14 43 49
14 44 56
14 45 38
14 46 44
14 47 58
14 48 51
14 49 50
14 50 36
14 51 47
14 52 42
14 53 44
15 1 42
15 2 54
15 3 42
15 4 48
15 5 58
15 6 56
15 7 43
15 8 58
15 9 52
15 10 46
15 11 59
15 12 40
15 13 58
15 14 45
15 15 0
15 16 38
15 17 53
15 18 46
15 19 41
15 20 38
15 21 39
15 22 60
15 23 57
15 24 56
15 25 52
15 26 55
15 27 39
15 28 40
15 29 55
15 30 55
15 31 41
15 32 41
15 33 45
15 34 43
15 35 42
15 36 56
15 37 53
15 38 40
15 39 60
15 40 36
15 41 59
15 42 52
15 43 41
15 44 49
15 45 43
15 46 54
15 47 58
15 48 44
15 49 51
15 50 43
15 51 37
15 52 36
15 53 38
16 1 40
16 2 53
16 3 43
16 4 41
16 5 51
16 6 52
16 7 48
16 8 45
16 9 35
16 10 40
16 11 37
16 12 60
16 13 46
16 14 42
16 15 47
16 16 0
16 17 45
16 18 49
16 19 49
16 20 35
16 21 52
16 22 45
16 23 48
16 24 53
16 25 44
16 26 59
16 27 38
16 28 56
16 29 45
16 30 45
16 31 55
16 32 38
16 33 55
16 34 46
16 35 54
16 36 37
16 37 58
16 38 57
16 39 58
16 40 57
16 41 43
16 42 49
16 43 37
16 44 38
16 45 53
16 46 59
16 47 55
16 48 36
16 49 42
16 50 44
16 51 43
16 52 54
16 53 35
17 1 39
17 2 44
17 3 49
17 4 35
17 5 52
17 6 41
17 7 56
17 8 52
17 9 36
17 10 35
17 11 36
17 12 56
17 13 47
17 14 54
17 15 48
17 16 51
17 17 0
17 18 52
17 19 41
17 20 59
17 21 60
17 22 46
17 23 36
17 24 51
17 25 35
17 26 35
17 27 49
17 28 55
17 29 51
17 30 54
17 31 48
17 32 52
17 33 59
17 34 56
17 35 41
17 36 55
17 37 43
17 38 39
17 39 60
17 40 44
17 41 52
17 42 40
17 43 56
17 44 59
17 45 52
17 46 55
17 47 47
17 48 42
17 49 38
17 50 55
17 51 43
17 52 55
17 53 35
18 1 42
18 2 53
18 3 55
18 4 42
18 5 50
18 6 51
18 7 43
18 8 56
18 9 55
18 10 40
18 11 47
18 12 43
18 13 45
18 14 53
18 15 53
18 16 43
18 17 57
18 18 0
18 19 59
18 20 41
18 21 55
18 22 54
18 23 44
18 24 54
18 25 58
18 26 57
18 27 46
18 28 55
18 29 43
18 30 51
18 31 58
18 32 52
18 33 45
18 34 37
18 35 58
18 36 49
18 37 56
18 38 37
18 39 42
18 40 59
18 41 46
18 42 57
18 43 41
18 44 44
18 45 44
18 46 39
18 47 47
18 48 52
18 49 45
18 50 60
18 51 46
18 52 44
18 53 39
19 1 55
19 2 46
19 3 42
19 4 55
19 5 38
19 6 54
19 7 47
19 8 50
19 9 37
19 10 43
19 11 59
19 12 36
19 13 60
19 14 38
19 15 43
19 16 53
19 17 53
19 18 37
19 19 0
19 20 43
19 21 54
19 22 51
19 23 45
19 24 47
19 25 46
19 26 60
19 27 40
19 28 54
19 29 52
19 30 57
19 31 49
19 32 53
19 33 49
19 34 43
19 35 49
19 36 39
19 37 55
19 38 43
19 39 41
19 40 60
19 41 35
19 42 39
19 43 49
19 44 51
19 45 56
19 46 37
19 47 49
19 48 57
19 49 55
19 50 50
19 51 40
19 52 36
19 53 38
20 1 52
20 2 46
20 3 49
20 4 40
20 5 57
20 6 56
20 7 49
20 8 54
20 9 47
20 10 51
20 11 47
20 12 59
20 13 40
20 14 41
20 15 37
20 16 59
20 17 40
20 18 42
20 19 60
20 20 0
20 21 36
20 22 57
20 23 38
20 24 38
20 25 50
20 26 60
20 27 37
20 28 53
20 29 42
20 30 58
20 31 54
20 32 55
20 33 37
20 34 38
20 35 44
20 36 55
20 37 44
20 38 39
20 39 59
20 40 39
20 41 47
20 42 44
20 43 50
20 44 40
20 45 46
20 46 45
20 47 40
20 48 53
20 49 54
20 50 43
20 51 45
20 52 50
20 53 52
21 1 56
21 2 47
21 3 50
21 4 55
21 5 59
21 6 45
21 7 59
21 8 37
21 9 38
21 10 44
21 11 48
21 12 42
21 13 39
21 14 51
21 15 50
21 16 40
21 17 37
21 18 38
21 19 41
21 20 48
21 21 0
21 22 43
21 23 39
21 24 50
21 25 41
21 26 40
21 27 41
21 28 59
21 29 36
21 30 45
21 31 41
21 32 45
21 33 52
21 34 40
21 35 52
21 36 35
21 37 42
21 38 53
21 39 46
21 40 39
21 41 53
21 42 38
21 43 59
21 44 58
21 45 37
21 46 35
21 47 41
21 48 48
21 49 36
21 50 40
21 51 42
21 52 56
21 53 46
22 1 54
22 2 36
22 3 54
22 4 49
22 5 46
22 6 36
22 7 39
22 8 47
22 9 54
22 10 39
22 11 60
22 12 46
22 13 55
22 14 56
22 15 42
22 16 52
22 17 60
22 18 54
22 19 54
22 20 52
22 21 48
22 22 0
22 23 41
22 24 60
22 25 60
22 26 35
22 27 43
22 28 55
22 29 53
22 30 46
22 31 58
22 32 59
22 33 52
22 34 54
22 35 56
22 36 55
22 37 41
22 38 47
22 39 37
22 40 44
22 41 60
22 42 55
22 43 44
22 44 36
22 45 49
22 46 51
22 47 50
22 48 50
22 49 39
22 50 43
22 51 60
22 52 47
22 53 40
23 1 50
23 2 51
23 3 35
23 4 35
23 5 39
23 6 40
23 7 50
23 8 36
23 9 37
23 10 35
23 11 57
23 12 35
23 13 60
23 14 35
23 15 58
23 16 41
23 17 50
23 18 35
23 19 44
23 20 59
23 21 47
23 22 57
23 23 0
23 24 57
23 25 35
23 26 51
23 27 45
23 28 39
23 29 36
23 30 60
23 31 40
23 32 48
23 33 57
23 34 55
23 35 49
23 36 44
23 37 51
23 38 57
23 39 46
23 40 50
23 41 58
23 42 52
23 43 36
23 44 52
23 45 37
23 46 45
23 47 49
23 48 52
23 49 59
23 50 49
23 51 45
23 52 48
23 53 50
24 1 39
24 2 52
24 3 59
24 4 52
24 5 39
24 6 45
24 7 45
24 8 38
24 9 37
24 10 44
24 11 40
24 12 60
24 13 48
24 14 44
24 15 40
24 16 57
24 17 57
24 18 60
24 19 49
24 20 47
24 21 60
24 22 48
24 23 40
24 24 0
24 25 47
24 26 44
24 27 46
24 28 50
24 29 53
24 30 41
24 31 44
24 32 53
24 33 42
24 34 54
24 35 52
24 36 52
24 37 45
24 38 40
24 39 57
24 40 57
24 41 40
24 42 52
24 43 48
24 44 44
24 45 58
24 46 35
24 47 47
24 48 55
24 49 39
24 50 37
24 51 40
24 52 47
24 53 46
25 1 58
25 2 53
25 3 49
25 4 54
25 5 47
25 6 55
25 7 44
25 8 60
25 9 47
25 10 50
25 11 57
25 12 40
25 13 60
25 14 47
25 15 57
25 16 52
25 17 60
25 18 53
25 19 55
25 20 40
25 21 47
25 22 60
25 23 35
25 24 57
25 25 0
25 26 56
25 27 49
25 28 36
25 29 39
25 30 47
25 31 40
25 32 49
25 33 43
25 34 54
25 35 37
25 36 45
25 37 52
25 38 50
25 39 51
25 40 56
25 41 39
25 42 44
25 43 42
25 44 56
25 45 50
25 46 48
25 47 56
25 48 60
25 49 58
25 50 56
25 51 54
25 52 55
25 53 52
26 1 38
26 2 44
26 3 59
26 4 50
26 5 35
26 6 54
26 7 43
26 8 59
26 9 42
26 10 37
26 11 35
26 12 54
26 13 44
26 14 51
26 15 54
26 16 38
26 17 41
26 18 53
26 19 42
26 20 50
26 21 46
26 22 48
26 23 36
26 24 49
26 25 43
26 26 0
26 27 59
26 28 59
26 29 45
26 30 43
26 31 60
26 32 41
26 33 59
26 34 54
26 35 40
26 36 49
26 37 36
26 38 48
26 39 55
26 40 42
26 41 38
26 42 44
26 43 42
26 44 41
26 45 50
26 46 38
26 47 48
26 48 60
26 49 45
26 50 45
26 51 37
26 52 35
26 53 40
27 1 38
27 2 38
27 3 43
27 4 47
27 5 48
27 6 47
27 7 55
27 8 55
27 9 41
27 10 53
27 11 36
27 12 38
27 13 44
27 14 35
27 15 59
27 16 44
27 17 50
27 18 43
27 19 51
27 20 60
27 21 46
27 22 40
27 23 42
27 24 54
27 25 48
27 26 50
27 27 0
27 28 51
27 29 59
27 30 41
27 31 58
27 32 44
27 33 60
27 34 36
27 35 36
27 36 53
27 37 39
27 38 36
27 39 56
27 40 41
27 41 51
27 42 52
27 43 40
27 44 46
27 45 40
27 46 59
27 47 57
27 48 45
27 49 49
27 50 51
27 51 56
27 52 39
27 53 42
28 1 44
28 2 37
28 3 50
28 4 38
28 5 37
28 6 50
28 7 51
28 8 36
28 9 40
28 10 42
28 11 56
28 12 38
28 13 50
28 14 43
28 15 41
28 16 55
28 17 52
28 18 49
28 19 59
28 20 51
28 21 38
28 22 46
28 23 41
28 24 57
28 25 36
28 26 35
28 27 49
28 28 0
28 29 53
28 30 51
28 31 44
28 32 43
28 33 36
28 34 58
28 35 56
28 36 41
28 37 57
28 38 56
28 39 56
28 40 55
28 41 55
28 42 35
28 43 50
28 44 38
28 45 51
28 46 47
28 47 48
28 48 47
28 49 56
28 50 57
28 51 46
28 52 50
28 53 37
29 1 38
29 2 59
29 3 54
29 4 54
29 5 46
29 6 60
29 7 58
29 8 45
29 9 43
29 10 46
29 11 57
29 12 45
29 13 37
29 14 59
29 15 49
29 16 38
29 17 42
29 18 57
29 19 43
29 20 36
29 21 54
29 22 36
29 23 38
29 24 45
29 25 53
29 26 40
29 27 59
29 28 43
29 29 0
29 30 58
29 31 49
29 32 47
29 33 59
29 34 55
29 35 44
29 36 37
29 37 36
29 38 59
29 39 49
29 40 44
29 41 50
29 42 52
29 43 48
29 44 57
29 45 58
29 46 48
29 47 38
29 48 36
29 49 40
29 50 58
29 51 43
29 52 38
29 53 36
30 1 39
30 2 48
30 3 48
30 4 60
30 5 35
30 6 42
30 7 51
30 8 45
30 9 45
30 10 56
30 11 56
30 12 49
30 13 51
30 14 49
30 15 37
30 16 39
30 17 40
30 18 52
30 19 60
30 20 48
30 21 57
30 22 43
30 23 57
30 24 35
30 25 38
30 26 58
30 27 48
30 28 59
30 29 59
30 30 0
30 31 36
30 32 57
30 33 42
30 34 58
30 35 43
30 36 42
30 37 36
30 38 46
30 39 35
30 40 49
30 41 42
30 42 59
30 43 51
30 44 36
30 45 53
30 46 35
30 47 41
30 48 44
30 49 42
30 50 53
30 51 40
30 52 46
30 53 40
31 1 45
31 2 54
31 3 52
31 4 36
31 5 52
31 6 40
31 7 39
31 8 41
31 9 55
31 10 59
31 11 42
31 12 37
31 13 54
31 14 57
31 15 39
31 16 56
31 17 46
31 18 56
31 19 53
31 20 35
31 21 57
31 22 55
31 23 39
31 24 54
31 25 51
31 26 47
31 27 43
31 28 49
31 29 52
31 30 36
31 31 0
31 32 52
31 33 36
31 34 38
31 35 35
31 36 49
31 37 57
31 38 37
31 39 47
31 40 41
31 41 42
31 42 52
31 43 43
31 44 57
31 45 42
31 46 45
31 47 35
31 48 36
31 49 40
31 50 54
31 51 47
31 52 37
31 53 52
32 1 60
32 2 51
32 3 60
32 4 44
32 5 60
32 6 46
32 7 45
32 8 48
32 9 42
32 10 60
32 11 56
32 12 53
32 13 54
32 14 43
32 15 60
32 16 47
32 17 56
32 18 53
32 19 42
32 20 59
32 21 43
32 22 53
32 23 45
32 24 60
32 25 45
32 26 58
32 27 60
32 28 45
32 29 51
32 30 58
32 31 52
32 32 0
32 33 50
32 34 51
32 35 36
32 36 59
32 37 53
32 38 58
32 39 50
32 40 44
32 41 36
32 42 60
32 43 57
32 44 46
32 45 48
32 46 44
32 47 51
32 48 43
32 49 48
32 50 42
32 51 39
32 52 49
32 53 57
33 1 59
33 2 52
33 3 40
33 4 51
33 5 38
33 6 53
33 7 51
33 8 45
33 9 45
33 10 41
33 11 60
33 12 41
33 13 50
33 14 48
33 15 50
33 16 42
33 17 55
33 18 44
33 19 59
33 20 42
33 21 41
33 22 40
33 23 38
33 24 39
33 25 39
33 26 48
33 27 49
33 28 45
33 29 56
33 30 41
33 31 56
33 32 37
33 33 0
33 34 43
33 35 36
33 36 58
33 37 46
33 38 36
33 39 48
33 40 43
33 41 58
33 42 35
33 43 54
33 44 37
33 45 59
33 46 50
33 47 51
33 48 46
33 49 35
33 50 49
33 51 47
33 52 60
33 53 60
34 1 42
34 2 50
34 3 57
34 4 57
34 5 39
34 6 59
34 7 42
34 8 47
34 9 45
34 10 58
34 11 51
34 12 54
34 13 40
34 14 58
34 15 41
34 16 48
34 17 41
34 18 45
34 19 47
34 20 38
34 21 35
34 22 43
34 23 50
34 24 55
34 25 49
34 26 44
34 27 54
34 28 46
34 29 38
34 30 36
34 31 42
34 32 36
34 33 57
34 34 0
34 35 53
34 36 59
34 37 47
34 38 51
34 39 39
34 40 47
34 41 55
34 42 55
34 43 54
34 44 60
34 45 48
34 46 54
34 47 54
34 48 38
34 49 59
34 50 51
34 51 46
34 52 46
34 53 39
35 1 43
35 2 35
35 3 48
35 4 41
35 5 36
35 6 48
35 7 40
35 8 41
35 9 58
35 10 52
35 11 46
35 12 41
35 13 40
35 14 38
35 15 50
35 16 39
35 17 57
35 18 51
35 19 53
35 20 50
35 21 38
35 22 59
35 23 45
35 24 43
35 25 41
35 26 53
35 27 56
35 28 37
35 29 38
35 30 39
35 31 42
35 32 59
35 33 53
35 34 55
35 35 0
35 36 42
35 37 49
35 38 51
35 39 60
35 40 43
35 41 55
35 42 37
35 43 47
35 44 49
35 45 57
35 46 42
35 47 47
35 48 48
35 49 53
35 50 46
35 51 35
35 52 50
35 53 40
36 1 40
36 2 38
36 3 47
36 4 46
36 5 37
36 6 36
36 7 54
36 8 44
36 9 49
36 10 55
36 11 35
36 12 45
36 13 47
36 14 46
36 15 59
36 16 50
36 17 52
36 18 54
36 19 45
36 20 37
36 21 48
36 22 46
36 23 55
36 24 55
36 25 52
36 26 48
36 27 44
36 28 38
36 29 42
36 30 53
36 31 54
36 32 38
36 33 41
36 34 58
36 35 38
36 36 0
36 37 58
36 38 59
36 39 55
36 40 38
36 41 51
36 42 49
36 43 50
36 44 45
36 45 38
36 46 42
36 47 50
36 48 54
36 49 56
36 50 51
36 51 55
36 52 53
36 53 41
37 1 55
37 2 56
37 3 41
37 4 47
37 5 41
37 6 53
37 7 60
37 8 55
37 9 48
37 10 55
37 11 55
37 12 52
37 13 44
37 14 53
37 15 53
37 16 38
37 17 47
37 18 53
37 19 40
37 20 52
37 21 40
37 22 49
37 23 53
37 24 38
37 25 49
37 26 36
37 27 48
37 28 49
37 29 58
37 30 35
37 31 51
37 32 58
37 33 53
37 34 58
37 35 57
37 36 39
37 37 0
37 38 43
37 39 56
37 40 59
37 41 53
37 42 54
37 43 56
37 44 38
37 45 46
37 46 50
37 47 52
37 48 42
37 49 55
37 50 50
37 51 39
37 52 45
37 53 41
38 1 42
38 2 36
38 3 42
38 4 44
38 5 40
38 6 45
38 7 58
38 8 35
38 9 59
38 10 36
38 11 38
38 12 57
38 13 38
38 14 53
38 15 41
38 16 46
38 17 45
38 18 37
38 19 60
38 20 52
38 21 49
38 22 51
38 23 47
38 24 40
38 25 44
38 26 53
38 27 54
38 28 55
38 29 55
38 30 35
38 31 52
38 32 50
38 33 59
38 34 58
38 35 47
38 36 43
38 37 44
38 38 0
38 39 58
38 40 50
38 41 38
38 42 51
38 43 57
38 44 55
38 45 56
38 46 59
38 47 35
38 48 43
38 49 36
38 50 35
38 51 52
38 52 44
38 53 46
39 1 38
39 2 60
39 3 48
39 4 58
39 5 40
39 6 50
39 7 59
39 8 55
39 9 49
39 10 48
39 11 47
39 12 53
39 13 46
39 14 52
39 15 54
39 16 48
39 17 46
39 18 44
39 19 52
39 20 44
39 21 52
39 22 35
39 23 52
39 24 48
39 25 36
39 26 54
39 27 53
39 28 47
39 29 42
39 30 57
39 31 50
39 32 52
39 33 48
39 34 39
39 35 56
39 36 44
39 37 41
39 38 36
39 39 0
39 40 38
39 41 40
39 42 60
39 43 38
39 44 48
39 45 50
39 46 59
39 47 59
39 48 37
39 49 41
39 50 60
39 51 45
39 52 60
39 53 40
40 1 53
40 2 53
40 3 52
40 4 59
40 5 53
40 6 47
40 7 51
40 8 48
40 9 56
40 10 48
40 11 54
40 12 49
40 13 44
40 14 51
40 15 50
40 16 54
40 17 40
40 18 55
40 19 46
40 20 58
40 21 36
40 22 53
40 23 46
40 24 60
40 25 37
40 26 40
40 27 43
40 28 35
40 29 40
40 30 54
40 31 51
40 32 38
40 33 37
40 34 41
40 35 37
40 36 36
40 37 44
40 38 41
40 39 53
40 40 0
40 41 59
40 42 40
40 43 54
40 44 43
40 45 57
40 46 43
40 47 37
40 48 60
40 49 57
40 50 37
40 51 58
40 52 37
40 53 59
41 1 49
41 2 55
41 3 42
41 4 45
41 5 44
41 6 46
41 7 52
41 8 53
41 9 46
41 10 36
41 11 35
41 12 41
41 13 43
41 14 60
41 15 60
41 16 36
41 17 43
41 18 45
41 19 52
41 20 53
41 21 54
41 22 40
41 23 36
41 24 49
41 25 52
41 26 56
41 27 52
41 28 53
41 29 44
41 30 60
41 31 54
41 32 44
41 33 41
41 34 57
41 35 35
41 36 49
41 37 58
41 38 37
41 39 53
41 40 36
41 41 0
41 42 50
41 43 43
41 44 38
41 45 44
41 46 54
41 47 59
41 48 38
41 49 54
41 50 43
41 51 43
41 52 41
41 53 58
42 1 41
42 2 54
42 3 54
42 4 36
42 5 49
42 6 58
42 7 43
42 8 40
42 9 44
42 10 57
42 11 55
42 12 35
42 13 51
42 14 47
42 15 52
42 16 46
42 17 51
42 18 51
42 19 50
42 20 42
42 21 55
42 22 58
42 23 57
42 24 44
42 25 35
42 26 54
42 27 44
42 28 53
42 29 51
42 30 48
42 31 60
42 32 54
42 33 39
42 34 49
42 35 46
42 36 45
42 37 35
42 38 53
42 39 50
42 40 43
42 41 38
42 42 0
42 43 50
42 44 44
42 45 57
42 46 58
42 47 53
42 48 45
42 49 44
42 50 48
42 51 46
42 52 44
42 53 52
43 1 45
43 2 54
43 3 44
43 4 52
43 5 39
43 6 38
43 7 56
43 8 45
43 9 49
43 10 45
43 11 48
43 12 49
43 13 47
43 14 54
43 15 42
43 16 57
43 17 46
43 18 46
43 19 53
43 20 53
43 21 35
43 22 44
43 23 44
43 24 56
43 25 53
43 26 51
43 27 35
43 28 59
43 29 42
43 30 54
43 31 56
43 32 41
43 33 37
43 34 38
43 35 41
43 36 36
43 37 53
43 38 35
43 39 35
43 40 45
43 41 36
43 42 38
43 43 0
43 44 43
43 45 55
43 46 35
43 47 44
43 48 48
43 49 52
43 50 44
43 51 43
43 52 48
43 53 43
44 1 55
44 2 43
44 3 35
44 4 35
44 5 45
44 6 47
44 7 37
44 8 43
44 9 44
44 10 47
44 11 38
44 12 36
44 13 55
44 14 42
44 15 41
44 16 60
44 17 53
44 18 59
44 19 39
44 20 48
44 21 53
44 22 48
44 23 35
44 24 45
44 25 35
44 26 55
44 27 47
44 28 54
44 29 52
44 30 42
44 31 54
44 32 59
44 33 37
44 34 36
44 35 49
44 36 59
44 37 59
44 38 55
44 39 38
44 40 46
44 41 46
44 42 43
44 43 36
44 44 0
44 45 49
44 46 35
44 47 60
44 48 49
44 49 58
44 50 44
44 51 36
44 52 60
44 53 55
45 1 38
45 2 56
45 3 43
45 4 49
45 5 57
45 6 39
45 7 36
45 8 59
45 9 48
45 10 47
45 11 43
45 12 43
45 13 44
45 14 58
45 15 40
45 16 60
45 17 44
45 18 52
45 19 46
45 20 56
45 21 54
45 22 47
45 23 51
45 24 53
45 25 52
45 26 35
45 27 35
45 28 36
45 29 49
45 30 36
45 31 55
45 32 43
45 33 58
45 34 48
45 35 48
45 36 49
45 37 56
45 38 59
45 39 60
45 40 54
45 41 52
45 42 47
45 43 58
45 44 35
45 45 0
45 46 52
45 47 59
45 48 44
45 49 49
45 50 50
45 51 55
45 52 60
45 53 43
46 1 39
46 2 37
46 3 46
46 4 44
46 5 39
46 6 35
46 7 38
46 8 57
46 9 58
46 10 58
46 11 57
46 12 37
46 13 43
46 14 41
46 15 60
46 16 50
46 17 59
46 18 45
46 19 47
46 20 53
46 21 46
46 22 59
46 23 36
46 24 60
46 25 48
46 26 59
46 27 35
46 28 57
46 29 41
46 30 47
46 31 58
46 32 41
46 33 49
46 34 48
46 35 35
46 36 56
46 37 37
46 38 45
46 39 39
46 40 51
46 41 60
46 42 55
46 43 40
46 44 38
46 45 51
46 46 0
46 47 52
46 48 44
46 49 55
46 50 43
46 51 38
46 52 39
46 53 57
47 1 53
47 2 49
47 3 37
47 4 42
47 5 36
47 6 44
47 7 56
47 8 42
47 9 59
47 10 51
47 11 53
47 12 40
47 13 48
47 14 50
47 15 55
47 16 60
47 17 54
47 18 50
47 19 60
47 20 51
47 21 55
47 22 60
47 23 47
47 24 47
47 25 36
47 26 43
47 27 49
47 28 39
47 29 44
47 30 58
47 31 51
47 32 39
47 33 60
47 34 54
47 35 56
47 36 38
47 37 50
47 38 48
47 39 54
47 40 55
47 41 47
47 42 53
47 43 47
47 44 58
47 45 47
47 46 59
47 47 0
47 48 49
47 49 37
47 50 46
47 51 38
47 52 59
47 53 53
48 1 39
48 2 52
48 3 60
48 4 53
48 5 37
48 6 35
48 7 52
48 8 37
48 9 53
48 10 38
48 11 47
48 12 37
48 13 58
48 14 58
48 15 59
48 16 48
48 17 36
48 18 54
48 19 42
48 20 55
48 21 50
48 22 36
48 23 38
48 24 53
48 25 39
48 26 40
48 27 58
48 28 52
48 29 50
48 30 58
48 31 59
48 32 40
48 33 42
48 34 39
48 35 49
48 36 39
48 37 59
48 38 35
48 39 51
48 40 44
48 41 46
48 42 55
48 43 58
48 44 58
48 45 55
48 46 43
48 47 37
48 48 0
48 49 52
48 50 35
48 51 58
48 52 42
48 53 53
49 1 35
49 2 44
49 3 55
49 4 53
49 5 46
49 6 48
49 7 51
49 8 51
49 9 46
49 10 36
49 11 46
49 12 39
49 13 37
49 14 46
49 15 40
49 16 42
49 17 46
49 18 43
49 19 45
49 20 42
49 21 35
49 22 53
49 23 55
49 24 36
49 25 60
49 26 50
49 27 40
49 28 41
49 29 38
49 30 48
49 31 52
49 32 49
49 33 38
49 34 36
49 35 45
49 36 50
49 37 48
49 38 46
49 39 48
49 40 44
49 41 43
49 42 40
49 43 35
49 44 41
49 45 59
49 46 48
49 47 58
49 48 51
49 49 0
49 50 56
49 51 60
49 52 44
49 53 38
50 1 58
50 2 56
50 3 52
50 4 59
50 5 35
50 6 45
50 7 40
50 8 49
50 9 59
50 10 43
50 11 58
50 12 51
50 13 52
50 14 49
50 15 38
50 16 52
50 17 51
50 18 52
50 19 57
50 20 57
50 21 56
50 22 50
50 23 51
50 24 59
50 25 55
50 26 46
50 27 58
50 28 51
50 29 49
50 30 35
50 31 53
50 32 40
50 33 56
50 34 56
50 35 53
50 36 59
50 37 43
50 38 43
50 39 41
50 40 59
50 41 56
50 42 60
50 43 47
50 44 47
50 45 35
50 46 45
50 47 55
50 48 55
50 49 45
50 50 0
50 51 57
50 52 38
50 53 59
51 1 55
51 2 35
51 3 38
51 4 57
51 5 51
51 6 39
51 7 48
51 8 44
51 9 48
51 10 40
51 11 54
51 12 59
51 13 54
51 14 37
51 15 42
51 16 59
51 17 41
51 18 59
51 19 39
51 20 45
51 21 45
51 22 36
51 23 42
51 24 53
51 25 60
51 26 47
51 27 44
51 28 43
51 29 50
51 30 39
51 31 35
51 32 53
51 33 48
51 34 60
51 35 54
51 36 56
51 37 35
51 38 45
51 39 39
51 40 59
51 41 56
51 42 54
51 43 42
51 44 47
51 45 43
51 46 43
51 47 40
51 48 55
51 49 58
51 50 58
51 51 0
51 52 42
51 53 53
52 1 43
52 2 46
52 3 60
52 4 47
52 5 52
52 6 59
52 7 49
52 8 55
52 9 58
52 10 47
52 11 54
52 12 37
52 13 54
52 14 38
52 15 41
52 16 50
52 17 51
52 18 55
52 19 48
52 20 50
52 21 36
52 22 59
52 23 39
52 24 39
52 25 36
52 26 36
52 27 45
52 28 42
52 29 47
52 30 50
52 31 56
52 32 36
52 33 42
52 34 53
52 35 47
52 36 48
52 37 51
52 38 41
52 39 47
52 40 41
52 41 36
52 42 49
52 43 60
52 44 48
52 45 48
52 46 52
52 47 57
52 48 50
52 49 56
52 50 39
52 51 46
52 52 0
52 53 57
53 1 50
53 2 46
53 3 56
53 4 46
53 5 57
53 6 56
53 7 49
53 8 39
53 9 55
53 10 56
53 11 38
53 12 52
53 13 55
53 14 53
53 15 47
53 16 35
53 17 57
53 18 52
53 19 38
53 20 57
53 21 37
53 22 54
53 23 37
53 24 47
53 25 50
53 26 60
53 27 52
53 28 43
53 29 49
53 30 37
53 31 52
53 32 35
53 33 41
53 34 46
53 35 54
53 36 58
53 37 40
53 38 51
53 39 42
53 40 53
53 41 48
53 42 41
53 43 57
53 44 51
53 45 54
53 46 47
53 47 37
53 48 49
53 49 54
53 50 40
53 51 47
53 52 38
53 53 0
;
param Rinit :=
1 1 0
1 2 0
1 3 0
1 4 0
1 5 0
1 6 0
1 7 0
1 8 0
1 9 0
1 10 0
1 11 0
53 1 0
53 2 0
53 3 0
53 4 0
53 5 0
53 6 0
53 7 0
53 8 0
53 9 0
53 10 0
53 11 0
;
param f :=
1 1
2 2
3 3
4 4
;