param sigma
: 1 2 :=
1	1e-05	0.99999
2	0.1	0.9
3	0.2	0.8
4	0.3	0.7
5	0.4	0.6
6	0.5	0.5
7	0.6	0.4
8	0.7	0.3
9	0.8	0.2
10	0.9	0.1
11	0.99999	1e-05
;

set O := 1 38;
set R := 2 3 4 5 6 7 8 9 10 11 12 13 14 15 16 17 18 19 20 21 22 23 24 25 26 27 28 29 30 31 32 33 34 35 36 37;
set S := 1 38;
set K := 1 2 3 4 5 6 7 8;
param b := 26;
param theta := 375.0;
param peso_vacio := 3500;
param alpha :=
0 0
1 0
2 0
3 0
4 0
;
param beta :=
0 0.2
1 -0.1
2 0
3 0
4 0
;
param gamma :=
0 16.4
1 2.2
2 2.2
3 0.6
4 0.4
;
param delta :=
0 0
1 0
2 0
3 0
4 0
;
param epsilon :=
0 0.3
1 0
2 0
3 0
4 0
;
param zeta :=
0 2.4
1 2.5
2 1.3
3 4.5
4 3.3
;
param hta :=
0 1
1 1
2 1
3 1
4 1
;
param dm :=
1 0
2 9
3 8
4 7
5 6
6 5
7 4
8 3
9 2
10 1
11 9
12 8
13 7
14 6
15 5
16 4
17 3
18 2
19 1
20 9
21 8
22 7
23 6
24 5
25 4
26 3
27 2
28 1
29 9
30 8
31 7
32 6
33 5
34 4
35 3
36 2
37 1
38 0
;
param d :=
1 1 0.00
1 2 3.54
1 3 2.42
1 4 1.48
1 5 1.00
1 6 1.48
1 7 2.42
1 8 3.54
1 9 5.00
1 10 6.40
1 11 6.82
1 12 6.94
1 13 6.99
1 14 7.00
1 15 6.99
1 16 6.94
1 17 6.82
1 18 6.40
1 19 6.40
1 20 7.90
1 21 8.95
1 22 9.84
1 23 10.63
1 24 11.35
1 25 12.01
1 26 12.59
1 27 13.00
1 28 13.60
1 29 5.34
1 30 6.15
1 31 7.08
1 32 8.06
1 33 9.07
1 34 10.09
1 35 11.16
1 36 12.37
1 37 13.60
1 38 11.31
2 1 3.54
2 2 0.00
2 3 1.13
2 4 2.15
2 5 3.13
2 6 4.08
2 7 5.03
2 8 6.00
2 9 7.09
2 10 8.28
2 11 3.32
2 12 3.65
2 13 4.01
2 14 4.42
2 15 4.86
2 16 5.32
2 17 5.79
2 18 6.21
2 19 6.95
2 20 4.69
2 21 5.63
2 22 6.43
2 23 7.16
2 24 7.83
2 25 8.47
2 26 9.06
2 27 9.53
2 28 10.22
2 29 3.32
2 30 4.44
2 31 5.47
2 32 6.44
2 33 7.37
2 34 8.29
2 35 9.19
2 36 10.12
2 37 11.17
2 38 7.90
3 1 2.42
3 2 1.13
3 3 0.00
3 4 1.04
3 5 2.03
3 6 3.01
3 7 4.00
3 8 5.03
3 9 6.22
3 10 7.48
3 11 4.44
3 12 4.69
3 13 4.93
3 14 5.18
3 15 5.45
3 16 5.73
3 17 5.99
3 18 6.14
3 19 6.66
3 20 5.63
3 21 6.63
3 22 7.48
3 23 8.24
3 24 8.94
3 25 9.59
3 26 10.18
3 27 10.64
3 28 11.31
3 29 3.65
3 30 4.69
3 31 5.72
3 32 6.72
3 33 7.70
3 34 8.67
3 35 9.65
3 36 10.69
3 37 11.82
3 38 8.95
4 1 1.48
4 2 2.15
4 3 1.04
4 4 0.00
4 5 1.00
4 6 2.00
4 7 3.01
4 8 4.08
4 9 5.35
4 10 6.67
4 11 5.47
4 12 5.72
4 13 5.92
4 14 6.10
4 15 6.27
4 16 6.43
4 17 6.55
4 18 6.47
4 19 6.78
4 20 6.43
4 21 7.48
4 22 8.37
4 23 9.16
4 24 9.90
4 25 10.58
4 26 11.20
4 27 11.68
4 28 12.35
4 29 4.01
4 30 4.93
4 31 5.92
4 32 6.92
4 33 7.92
4 34 8.92
4 35 9.95
4 36 11.10
4 37 12.29
4 38 9.84
5 1 1.00
5 2 3.13
5 3 2.03
5 4 1.00
5 5 0.00
5 6 1.00
5 7 2.03
5 8 3.13
5 9 4.47
5 10 5.83
5 11 6.44
5 12 6.72
5 13 6.92
5 14 7.07
5 15 7.20
5 16 7.29
5 17 7.31
5 18 7.07
5 19 7.21
5 20 7.16
5 21 8.24
5 22 9.16
5 23 10.00
5 24 10.77
5 25 11.48
5 26 12.13
5 27 12.65
5 28 13.34
5 29 4.42
5 30 5.18
5 31 6.10
5 32 7.07
5 33 8.07
5 34 9.10
5 35 10.18
5 36 11.40
5 37 12.65
5 38 10.63
6 1 1.48
6 2 4.08
6 3 3.01
6 4 2.00
6 5 1.00
6 6 0.00
6 7 1.04
6 8 2.15
6 9 3.56
6 10 4.95
6 11 7.37
6 12 7.70
6 13 7.92
6 14 8.07
6 15 8.19
6 16 8.24
6 17 8.21
6 18 7.86
6 19 7.88
6 20 7.83
6 21 8.94
6 22 9.90
6 23 10.77
6 24 11.58
6 25 12.33
6 26 13.01
6 27 13.58
6 28 14.30
6 29 4.86
6 30 5.45
6 31 6.27
6 32 7.20
6 33 8.19
6 34 9.22
6 35 10.32
6 36 11.62
6 37 12.92
6 38 11.35
7 1 2.42
7 2 5.03
7 3 4.00
7 4 3.01
7 5 2.03
7 6 1.04
7 7 0.00
7 8 1.13
7 9 2.59
7 10 4.00
7 11 8.29
7 12 8.67
7 13 8.92
7 14 9.10
7 15 9.22
7 16 9.27
7 17 9.21
7 18 8.81
7 19 8.74
7 20 8.47
7 21 9.59
7 22 10.58
7 23 11.48
7 24 12.33
7 25 13.12
7 26 13.85
7 27 14.47
7 28 15.23
7 29 5.32
7 30 5.73
7 31 6.43
7 32 7.29
7 33 8.24
7 34 9.27
7 35 10.40
7 36 11.76
7 37 13.10
7 38 12.01
8 1 3.54
8 2 6.00
8 3 5.03
8 4 4.08
8 5 3.13
8 6 2.15
8 7 1.13
8 8 0.00
8 9 1.50
8 10 2.92
8 11 9.19
8 12 9.65
8 13 9.95
8 14 10.18
8 15 10.32
8 16 10.40
8 17 10.34
8 18 9.93
8 19 9.81
8 20 9.06
8 21 10.18
8 22 11.20
8 23 12.13
8 24 13.01
8 25 13.85
8 26 14.63
8 27 15.32
8 28 16.14
8 29 5.79
8 30 5.99
8 31 6.55
8 32 7.31
8 33 8.21
8 34 9.21
8 35 10.34
8 36 11.77
8 37 13.14
8 38 12.59
9 1 5.00
9 2 7.09
9 3 6.22
9 4 5.35
9 5 4.47
9 6 3.56
9 7 2.59
9 8 1.50
9 9 0.00
9 10 1.41
9 11 10.12
9 12 10.69
9 13 11.10
9 14 11.40
9 15 11.62
9 16 11.76
9 17 11.77
9 18 11.40
9 19 11.31
9 20 9.53
9 21 10.64
9 22 11.68
9 23 12.65
9 24 13.58
9 25 14.47
9 26 15.32
9 27 16.12
9 28 17.03
9 29 6.21
9 30 6.14
9 31 6.47
9 32 7.07
9 33 7.86
9 34 8.81
9 35 9.93
9 36 11.40
9 37 12.81
9 38 13.00
10 1 6.40
10 2 8.28
10 3 7.48
10 4 6.67
10 5 5.83
10 6 4.95
10 7 4.00
10 8 2.92
10 9 1.41
10 10 0.00
10 11 11.17
10 12 11.82
10 13 12.29
10 14 12.65
10 15 12.92
10 16 13.10
10 17 13.14
10 18 12.81
10 19 12.73
10 20 10.22
10 21 11.31
10 22 12.35
10 23 13.34
10 24 14.30
10 25 15.23
10 26 16.14
10 27 17.03
10 28 18.00
10 29 6.95
10 30 6.66
10 31 6.78
10 32 7.21
10 33 7.88
10 34 8.74
10 35 9.81
10 36 11.31
10 37 12.73
10 38 13.60
11 1 6.82
11 2 3.32
11 3 4.44
11 4 5.47
11 5 6.44
11 6 7.37
11 7 8.29
11 8 9.19
11 9 10.12
11 10 11.17
11 11 0.00
11 12 1.13
11 13 2.15
11 14 3.13
11 15 4.08
11 16 5.03
11 17 6.00
11 18 7.09
11 19 8.28
11 20 3.32
11 21 3.65
11 22 4.01
11 23 4.42
11 24 4.86
11 25 5.32
11 26 5.79
11 27 6.21
11 28 6.95
11 29 4.69
11 30 5.63
11 31 6.43
11 32 7.16
11 33 7.83
11 34 8.47
11 35 9.06
11 36 9.53
11 37 10.22
11 38 5.34
12 1 6.94
12 2 3.65
12 3 4.69
12 4 5.72
12 5 6.72
12 6 7.70
12 7 8.67
12 8 9.65
12 9 10.69
12 10 11.82
12 11 1.13
12 12 0.00
12 13 1.04
12 14 2.03
12 15 3.01
12 16 4.00
12 17 5.03
12 18 6.22
12 19 7.48
12 20 4.44
12 21 4.69
12 22 4.93
12 23 5.18
12 24 5.45
12 25 5.73
12 26 5.99
12 27 6.14
12 28 6.66
12 29 5.63
12 30 6.63
12 31 7.48
12 32 8.24
12 33 8.94
12 34 9.59
12 35 10.18
12 36 10.64
12 37 11.31
12 38 6.15
13 1 6.99
13 2 4.01
13 3 4.93
13 4 5.92
13 5 6.92
13 6 7.92
13 7 8.92
13 8 9.95
13 9 11.10
13 10 12.29
13 11 2.15
13 12 1.04
13 13 0.00
13 14 1.00
13 15 2.00
13 16 3.01
13 17 4.08
13 18 5.35
13 19 6.67
13 20 5.47
13 21 5.72
13 22 5.92
13 23 6.10
13 24 6.27
13 25 6.43
13 26 6.55
13 27 6.47
13 28 6.78
13 29 6.43
13 30 7.48
13 31 8.37
13 32 9.16
13 33 9.90
13 34 10.58
13 35 11.20
13 36 11.68
13 37 12.35
13 38 7.08
14 1 7.00
14 2 4.42
14 3 5.18
14 4 6.10
14 5 7.07
14 6 8.07
14 7 9.10
14 8 10.18
14 9 11.40
14 10 12.65
14 11 3.13
14 12 2.03
14 13 1.00
14 14 0.00
14 15 1.00
14 16 2.03
14 17 3.13
14 18 4.47
14 19 5.83
14 20 6.44
14 21 6.72
14 22 6.92
14 23 7.07
14 24 7.20
14 25 7.29
14 26 7.31
14 27 7.07
14 28 7.21
14 29 7.16
14 30 8.24
14 31 9.16
14 32 10.00
14 33 10.77
14 34 11.48
14 35 12.13
14 36 12.65
14 37 13.34
14 38 8.06
15 1 6.99
15 2 4.86
15 3 5.45
15 4 6.27
15 5 7.20
15 6 8.19
15 7 9.22
15 8 10.32
15 9 11.62
15 10 12.92
15 11 4.08
15 12 3.01
15 13 2.00
15 14 1.00
15 15 0.00
15 16 1.04
15 17 2.15
15 18 3.56
15 19 4.95
15 20 7.37
15 21 7.70
15 22 7.92
15 23 8.07
15 24 8.19
15 25 8.24
15 26 8.21
15 27 7.86
15 28 7.88
15 29 7.83
15 30 8.94
15 31 9.90
15 32 10.77
15 33 11.58
15 34 12.33
15 35 13.01
15 36 13.58
15 37 14.30
15 38 9.07
16 1 6.94
16 2 5.32
16 3 5.73
16 4 6.43
16 5 7.29
16 6 8.24
16 7 9.27
16 8 10.40
16 9 11.76
16 10 13.10
16 11 5.03
16 12 4.00
16 13 3.01
16 14 2.03
16 15 1.04
16 16 0.00
16 17 1.13
16 18 2.59
16 19 4.00
16 20 8.29
16 21 8.67
16 22 8.92
16 23 9.10
16 24 9.22
16 25 9.27
16 26 9.21
16 27 8.81
16 28 8.74
16 29 8.47
16 30 9.59
16 31 10.58
16 32 11.48
16 33 12.33
16 34 13.12
16 35 13.85
16 36 14.47
16 37 15.23
16 38 10.09
17 1 6.82
17 2 5.79
17 3 5.99
17 4 6.55
17 5 7.31
17 6 8.21
17 7 9.21
17 8 10.34
17 9 11.77
17 10 13.14
17 11 6.00
17 12 5.03
17 13 4.08
17 14 3.13
17 15 2.15
17 16 1.13
17 17 0.00
17 18 1.50
17 19 2.92
17 20 9.19
17 21 9.65
17 22 9.95
17 23 10.18
17 24 10.32
17 25 10.40
17 26 10.34
17 27 9.93
17 28 9.81
17 29 9.06
17 30 10.18
17 31 11.20
17 32 12.13
17 33 13.01
17 34 13.85
17 35 14.63
17 36 15.32
17 37 16.14
17 38 11.16
18 1 6.40
18 2 6.21
18 3 6.14
18 4 6.47
18 5 7.07
18 6 7.86
18 7 8.81
18 8 9.93
18 9 11.40
18 10 12.81
18 11 7.09
18 12 6.22
18 13 5.35
18 14 4.47
18 15 3.56
18 16 2.59
18 17 1.50
18 18 0.00
18 19 1.41
18 20 10.12
18 21 10.69
18 22 11.10
18 23 11.40
18 24 11.62
18 25 11.76
18 26 11.77
18 27 11.40
18 28 11.31
18 29 9.53
18 30 10.64
18 31 11.68
18 32 12.65
18 33 13.58
18 34 14.47
18 35 15.32
18 36 16.12
18 37 17.03
18 38 12.37
19 1 6.40
19 2 6.95
19 3 6.66
19 4 6.78
19 5 7.21
19 6 7.88
19 7 8.74
19 8 9.81
19 9 11.31
19 10 12.73
19 11 8.28
19 12 7.48
19 13 6.67
19 14 5.83
19 15 4.95
19 16 4.00
19 17 2.92
19 18 1.41
19 19 0.00
19 20 11.17
19 21 11.82
19 22 12.29
19 23 12.65
19 24 12.92
19 25 13.10
19 26 13.14
19 27 12.81
19 28 12.73
19 29 10.22
19 30 11.31
19 31 12.35
19 32 13.34
19 33 14.30
19 34 15.23
19 35 16.14
19 36 17.03
19 37 18.00
19 38 13.60
20 1 7.90
20 2 4.69
20 3 5.63
20 4 6.43
20 5 7.16
20 6 7.83
20 7 8.47
20 8 9.06
20 9 9.53
20 10 10.22
20 11 3.32
20 12 4.44
20 13 5.47
20 14 6.44
20 15 7.37
20 16 8.29
20 17 9.19
20 18 10.12
20 19 11.17
20 20 0.00
20 21 1.13
20 22 2.15
20 23 3.13
20 24 4.08
20 25 5.03
20 26 6.00
20 27 7.09
20 28 8.28
20 29 3.32
20 30 3.65
20 31 4.01
20 32 4.42
20 33 4.86
20 34 5.32
20 35 5.79
20 36 6.21
20 37 6.95
20 38 3.54
21 1 8.95
21 2 5.63
21 3 6.63
21 4 7.48
21 5 8.24
21 6 8.94
21 7 9.59
21 8 10.18
21 9 10.64
21 10 11.31
21 11 3.65
21 12 4.69
21 13 5.72
21 14 6.72
21 15 7.70
21 16 8.67
21 17 9.65
21 18 10.69
21 19 11.82
21 20 1.13
21 21 0.00
21 22 1.04
21 23 2.03
21 24 3.01
21 25 4.00
21 26 5.03
21 27 6.22
21 28 7.48
21 29 4.44
21 30 4.69
21 31 4.93
21 32 5.18
21 33 5.45
21 34 5.73
21 35 5.99
21 36 6.14
21 37 6.66
21 38 2.42
22 1 9.84
22 2 6.43
22 3 7.48
22 4 8.37
22 5 9.16
22 6 9.90
22 7 10.58
22 8 11.20
22 9 11.68
22 10 12.35
22 11 4.01
22 12 4.93
22 13 5.92
22 14 6.92
22 15 7.92
22 16 8.92
22 17 9.95
22 18 11.10
22 19 12.29
22 20 2.15
22 21 1.04
22 22 0.00
22 23 1.00
22 24 2.00
22 25 3.01
22 26 4.08
22 27 5.35
22 28 6.67
22 29 5.47
22 30 5.72
22 31 5.92
22 32 6.10
22 33 6.27
22 34 6.43
22 35 6.55
22 36 6.47
22 37 6.78
22 38 1.48
23 1 10.63
23 2 7.16
23 3 8.24
23 4 9.16
23 5 10.00
23 6 10.77
23 7 11.48
23 8 12.13
23 9 12.65
23 10 13.34
23 11 4.42
23 12 5.18
23 13 6.10
23 14 7.07
23 15 8.07
23 16 9.10
23 17 10.18
23 18 11.40
23 19 12.65
23 20 3.13
23 21 2.03
23 22 1.00
23 23 0.00
23 24 1.00
23 25 2.03
23 26 3.13
23 27 4.47
23 28 5.83
23 29 6.44
23 30 6.72
23 31 6.92
23 32 7.07
23 33 7.20
23 34 7.29
23 35 7.31
23 36 7.07
23 37 7.21
23 38 1.00
24 1 11.35
24 2 7.83
24 3 8.94
24 4 9.90
24 5 10.77
24 6 11.58
24 7 12.33
24 8 13.01
24 9 13.58
24 10 14.30
24 11 4.86
24 12 5.45
24 13 6.27
24 14 7.20
24 15 8.19
24 16 9.22
24 17 10.32
24 18 11.62
24 19 12.92
24 20 4.08
24 21 3.01
24 22 2.00
24 23 1.00
24 24 0.00
24 25 1.04
24 26 2.15
24 27 3.56
24 28 4.95
24 29 7.37
24 30 7.70
24 31 7.92
24 32 8.07
24 33 8.19
24 34 8.24
24 35 8.21
24 36 7.86
24 37 7.88
24 38 1.48
25 1 12.01
25 2 8.47
25 3 9.59
25 4 10.58
25 5 11.48
25 6 12.33
25 7 13.12
25 8 13.85
25 9 14.47
25 10 15.23
25 11 5.32
25 12 5.73
25 13 6.43
25 14 7.29
25 15 8.24
25 16 9.27
25 17 10.40
25 18 11.76
25 19 13.10
25 20 5.03
25 21 4.00
25 22 3.01
25 23 2.03
25 24 1.04
25 25 0.00
25 26 1.13
25 27 2.59
25 28 4.00
25 29 8.29
25 30 8.67
25 31 8.92
25 32 9.10
25 33 9.22
25 34 9.27
25 35 9.21
25 36 8.81
25 37 8.74
25 38 2.42
26 1 12.59
26 2 9.06
26 3 10.18
26 4 11.20
26 5 12.13
26 6 13.01
26 7 13.85
26 8 14.63
26 9 15.32
26 10 16.14
26 11 5.79
26 12 5.99
26 13 6.55
26 14 7.31
26 15 8.21
26 16 9.21
26 17 10.34
26 18 11.77
26 19 13.14
26 20 6.00
26 21 5.03
26 22 4.08
26 23 3.13
26 24 2.15
26 25 1.13
26 26 0.00
26 27 1.50
26 28 2.92
26 29 9.19
26 30 9.65
26 31 9.95
26 32 10.18
26 33 10.32
26 34 10.40
26 35 10.34
26 36 9.93
26 37 9.81
26 38 3.54
27 1 13.00
27 2 9.53
27 3 10.64
27 4 11.68
27 5 12.65
27 6 13.58
27 7 14.47
27 8 15.32
27 9 16.12
27 10 17.03
27 11 6.21
27 12 6.14
27 13 6.47
27 14 7.07
27 15 7.86
27 16 8.81
27 17 9.93
27 18 11.40
27 19 12.81
27 20 7.09
27 21 6.22
27 22 5.35
27 23 4.47
27 24 3.56
27 25 2.59
27 26 1.50
27 27 0.00
27 28 1.41
27 29 10.12
27 30 10.69
27 31 11.10
27 32 11.40
27 33 11.62
27 34 11.76
27 35 11.77
27 36 11.40
27 37 11.31
27 38 5.00
28 1 13.60
28 2 10.22
28 3 11.31
28 4 12.35
28 5 13.34
28 6 14.30
28 7 15.23
28 8 16.14
28 9 17.03
28 10 18.00
28 11 6.95
28 12 6.66
28 13 6.78
28 14 7.21
28 15 7.88
28 16 8.74
28 17 9.81
28 18 11.31
28 19 12.73
28 20 8.28
28 21 7.48
28 22 6.67
28 23 5.83
28 24 4.95
28 25 4.00
28 26 2.92
28 27 1.41
28 28 0.00
28 29 11.17
28 30 11.82
28 31 12.29
28 32 12.65
28 33 12.92
28 34 13.10
28 35 13.14
28 36 12.81
28 37 12.73
28 38 6.40
29 1 5.34
29 2 3.32
29 3 3.65
29 4 4.01
29 5 4.42
29 6 4.86
29 7 5.32
29 8 5.79
29 9 6.21
29 10 6.95
29 11 4.69
29 12 5.63
29 13 6.43
29 14 7.16
29 15 7.83
29 16 8.47
29 17 9.06
29 18 9.53
29 19 10.22
29 20 3.32
29 21 4.44
29 22 5.47
29 23 6.44
29 24 7.37
29 25 8.29
29 26 9.19
29 27 10.12
29 28 11.17
29 29 0.00
29 30 1.13
29 31 2.15
29 32 3.13
29 33 4.08
29 34 5.03
29 35 6.00
29 36 7.09
29 37 8.28
29 38 6.82
30 1 6.15
30 2 4.44
30 3 4.69
30 4 4.93
30 5 5.18
30 6 5.45
30 7 5.73
30 8 5.99
30 9 6.14
30 10 6.66
30 11 5.63
30 12 6.63
30 13 7.48
30 14 8.24
30 15 8.94
30 16 9.59
30 17 10.18
30 18 10.64
30 19 11.31
30 20 3.65
30 21 4.69
30 22 5.72
30 23 6.72
30 24 7.70
30 25 8.67
30 26 9.65
30 27 10.69
30 28 11.82
30 29 1.13
30 30 0.00
30 31 1.04
30 32 2.03
30 33 3.01
30 34 4.00
30 35 5.03
30 36 6.22
30 37 7.48
30 38 6.94
31 1 7.08
31 2 5.47
31 3 5.72
31 4 5.92
31 5 6.10
31 6 6.27
31 7 6.43
31 8 6.55
31 9 6.47
31 10 6.78
31 11 6.43
31 12 7.48
31 13 8.37
31 14 9.16
31 15 9.90
31 16 10.58
31 17 11.20
31 18 11.68
31 19 12.35
31 20 4.01
31 21 4.93
31 22 5.92
31 23 6.92
31 24 7.92
31 25 8.92
31 26 9.95
31 27 11.10
31 28 12.29
31 29 2.15
31 30 1.04
31 31 0.00
31 32 1.00
31 33 2.00
31 34 3.01
31 35 4.08
31 36 5.35
31 37 6.67
31 38 6.99
32 1 8.06
32 2 6.44
32 3 6.72
32 4 6.92
32 5 7.07
32 6 7.20
32 7 7.29
32 8 7.31
32 9 7.07
32 10 7.21
32 11 7.16
32 12 8.24
32 13 9.16
32 14 10.00
32 15 10.77
32 16 11.48
32 17 12.13
32 18 12.65
32 19 13.34
32 20 4.42
32 21 5.18
32 22 6.10
32 23 7.07
32 24 8.07
32 25 9.10
32 26 10.18
32 27 11.40
32 28 12.65
32 29 3.13
32 30 2.03
32 31 1.00
32 32 0.00
32 33 1.00
32 34 2.03
32 35 3.13
32 36 4.47
32 37 5.83
32 38 7.00
33 1 9.07
33 2 7.37
33 3 7.70
33 4 7.92
33 5 8.07
33 6 8.19
33 7 8.24
33 8 8.21
33 9 7.86
33 10 7.88
33 11 7.83
33 12 8.94
33 13 9.90
33 14 10.77
33 15 11.58
33 16 12.33
33 17 13.01
33 18 13.58
33 19 14.30
33 20 4.86
33 21 5.45
33 22 6.27
33 23 7.20
33 24 8.19
33 25 9.22
33 26 10.32
33 27 11.62
33 28 12.92
33 29 4.08
33 30 3.01
33 31 2.00
33 32 1.00
33 33 0.00
33 34 1.04
33 35 2.15
33 36 3.56
33 37 4.95
33 38 6.99
34 1 10.09
34 2 8.29
34 3 8.67
34 4 8.92
34 5 9.10
34 6 9.22
34 7 9.27
34 8 9.21
34 9 8.81
34 10 8.74
34 11 8.47
34 12 9.59
34 13 10.58
34 14 11.48
34 15 12.33
34 16 13.12
34 17 13.85
34 18 14.47
34 19 15.23
34 20 5.32
34 21 5.73
34 22 6.43
34 23 7.29
34 24 8.24
34 25 9.27
34 26 10.40
34 27 11.76
34 28 13.10
34 29 5.03
34 30 4.00
34 31 3.01
34 32 2.03
34 33 1.04
34 34 0.00
34 35 1.13
34 36 2.59
34 37 4.00
34 38 6.94
35 1 11.16
35 2 9.19
35 3 9.65
35 4 9.95
35 5 10.18
35 6 10.32
35 7 10.40
35 8 10.34
35 9 9.93
35 10 9.81
35 11 9.06
35 12 10.18
35 13 11.20
35 14 12.13
35 15 13.01
35 16 13.85
35 17 14.63
35 18 15.32
35 19 16.14
35 20 5.79
35 21 5.99
35 22 6.55
35 23 7.31
35 24 8.21
35 25 9.21
35 26 10.34
35 27 11.77
35 28 13.14
35 29 6.00
35 30 5.03
35 31 4.08
35 32 3.13
35 33 2.15
35 34 1.13
35 35 0.00
35 36 1.50
35 37 2.92
35 38 6.82
36 1 12.37
36 2 10.12
36 3 10.69
36 4 11.10
36 5 11.40
36 6 11.62
36 7 11.76
36 8 11.77
36 9 11.40
36 10 11.31
36 11 9.53
36 12 10.64
36 13 11.68
36 14 12.65
36 15 13.58
36 16 14.47
36 17 15.32
36 18 16.12
36 19 17.03
36 20 6.21
36 21 6.14
36 22 6.47
36 23 7.07
36 24 7.86
36 25 8.81
36 26 9.93
36 27 11.40
36 28 12.81
36 29 7.09
36 30 6.22
36 31 5.35
36 32 4.47
36 33 3.56
36 34 2.59
36 35 1.50
36 36 0.00
36 37 1.41
36 38 6.40
37 1 13.60
37 2 11.17
37 3 11.82
37 4 12.29
37 5 12.65
37 6 12.92
37 7 13.10
37 8 13.14
37 9 12.81
37 10 12.73
37 11 10.22
37 12 11.31
37 13 12.35
37 14 13.34
37 15 14.30
37 16 15.23
37 17 16.14
37 18 17.03
37 19 18.00
37 20 6.95
37 21 6.66
37 22 6.78
37 23 7.21
37 24 7.88
37 25 8.74
37 26 9.81
37 27 11.31
37 28 12.73
37 29 8.28
37 30 7.48
37 31 6.67
37 32 5.83
37 33 4.95
37 34 4.00
37 35 2.92
37 36 1.41
37 37 0.00
37 38 6.40
38 1 11.31
38 2 7.90
38 3 8.95
38 4 9.84
38 5 10.63
38 6 11.35
38 7 12.01
38 8 12.59
38 9 13.00
38 10 13.60
38 11 5.34
38 12 6.15
38 13 7.08
38 14 8.06
38 15 9.07
38 16 10.09
38 17 11.16
38 18 12.37
38 19 13.60
38 20 3.54
38 21 2.42
38 22 1.48
38 23 1.00
38 24 1.48
38 25 2.42
38 26 3.54
38 27 5.00
38 28 6.40
38 29 6.82
38 30 6.94
38 31 6.99
38 32 7.00
38 33 6.99
38 34 6.94
38 35 6.82
38 36 6.40
38 37 6.40
38 38 0.00
;
param v :=
1 1 0
1 2 53
1 3 48
1 4 60
1 5 44
1 6 37
1 7 43
1 8 40
1 9 57
1 10 46
1 11 58
1 12 36
1 13 56
1 14 38
1 15 58
1 16 54
1 17 53
1 18 49
1 19 35
1 20 46
1 21 41
1 22 43
1 23 43
1 24 51
1 25 35
1 26 43
1 27 57
1 28 48
1 29 55
1 30 51
1 31 51
1 32 37
1 33 43
1 34 39
1 35 60
1 36 46
1 37 50
1 38 56
2 1 55
2 2 0
2 3 39
2 4 58
2 5 52
2 6 37
2 7 41
2 8 35
2 9 55
2 10 58
2 11 57
2 12 58
2 13 39
2 14 45
2 15 47
2 16 53
2 17 41
2 18 43
2 19 60
2 20 41
2 21 46
2 22 55
2 23 57
2 24 41
2 25 53
2 26 44
2 27 42
2 28 51
2 29 48
2 30 59
2 31 39
2 32 43
2 33 43
2 34 49
2 35 45
2 36 49
2 37 59
2 38 50
3 1 38
3 2 40
3 3 0
3 4 41
3 5 43
3 6 55
3 7 37
3 8 54
3 9 55
3 10 53
3 11 49
3 12 37
3 13 51
3 14 59
3 15 53
3 16 50
3 17 56
3 18 48
3 19 46
3 20 49
3 21 39
3 22 60
3 23 38
3 24 35
3 25 54
3 26 55
3 27 54
3 28 44
3 29 40
3 30 37
3 31 59
3 32 50
3 33 38
3 34 54
3 35 51
3 36 56
3 37 52
3 38 55
4 1 50
4 2 37
4 3 52
4 4 0
4 5 42
4 6 45
4 7 35
4 8 38
4 9 57
4 10 44
4 11 55
4 12 55
4 13 44
4 14 47
4 15 51
4 16 59
4 17 56
4 18 48
4 19 51
4 20 47
4 21 45
4 22 60
4 23 47
4 24 36
4 25 40
4 26 45
4 27 57
4 28 53
4 29 48
4 30 44
4 31 43
4 32 49
4 33 55
4 34 52
4 35 40
4 36 42
4 37 39
4 38 56
5 1 59
5 2 52
5 3 52
5 4 36
5 5 0
5 6 55
5 7 48
5 8 45
5 9 38
5 10 37
5 11 57
5 12 47
5 13 50
5 14 56
5 15 46
5 16 37
5 17 46
5 18 45
5 19 59
5 20 57
5 21 51
5 22 38
5 23 52
5 24 49
5 25 43
5 26 40
5 27 59
5 28 35
5 29 50
5 30 36
5 31 38
5 32 46
5 33 39
5 34 52
5 35 49
5 36 43
5 37 37
5 38 43
6 1 56
6 2 54
6 3 49
6 4 35
6 5 47
6 6 0
6 7 39
6 8 60
6 9 57
6 10 53
6 11 41
6 12 58
6 13 57
6 14 57
6 15 45
6 16 57
6 17 43
6 18 35
6 19 44
6 20 51
6 21 59
6 22 42
6 23 51
6 24 36
6 25 50
6 26 55
6 27 59
6 28 45
6 29 57
6 30 59
6 31 55
6 32 51
6 33 57
6 34 46
6 35 46
6 36 45
6 37 41
6 38 51
7 1 46
7 2 36
7 3 38
7 4 41
7 5 60
7 6 55
7 7 0
7 8 46
7 9 54
7 10 58
7 11 40
7 12 53
7 13 51
7 14 45
7 15 44
7 16 51
7 17 56
7 18 40
7 19 39
7 20 39
7 21 46
7 22 59
7 23 49
7 24 59
7 25 36
7 26 48
7 27 36
7 28 35
7 29 51
7 30 60
7 31 47
7 32 48
7 33 36
7 34 53
7 35 55
7 36 51
7 37 53
7 38 54
8 1 47
8 2 44
8 3 40
8 4 58
8 5 41
8 6 41
8 7 47
8 8 0
8 9 48
8 10 36
8 11 36
8 12 52
8 13 55
8 14 56
8 15 42
8 16 48
8 17 37
8 18 48
8 19 41
8 20 50
8 21 42
8 22 49
8 23 36
8 24 45
8 25 44
8 26 41
8 27 42
8 28 54
8 29 50
8 30 47
8 31 51
8 32 42
8 33 54
8 34 39
8 35 51
8 36 54
8 37 37
8 38 57
9 1 56
9 2 43
9 3 35
9 4 43
9 5 45
9 6 38
9 7 36
9 8 39
9 9 0
9 10 40
9 11 43
9 12 60
9 13 45
9 14 58
9 15 43
9 16 46
9 17 48
9 18 56
9 19 48
9 20 50
9 21 47
9 22 60
9 23 56
9 24 59
9 25 54
9 26 59
9 27 42
9 28 42
9 29 47
9 30 54
9 31 36
9 32 47
9 33 57
9 34 42
9 35 42
9 36 44
9 37 42
9 38 50
10 1 51
10 2 55
10 3 42
10 4 47
10 5 45
10 6 49
10 7 55
10 8 44
10 9 53
10 10 0
10 11 57
10 12 54
10 13 38
10 14 54
10 15 60
10 16 55
10 17 44
10 18 48
10 19 35
10 20 50
10 21 58
10 22 50
10 23 36
10 24 58
10 25 49
10 26 43
10 27 38
10 28 58
10 29 57
10 30 37
10 31 49
10 32 47
10 33 55
10 34 42
10 35 52
10 36 52
10 37 43
10 38 42
11 1 44
11 2 51
11 3 51
11 4 52
11 5 47
11 6 58
11 7 55
11 8 39
11 9 53
11 10 50
11 11 0
11 12 56
11 13 54
11 14 46
11 15 49
11 16 43
11 17 59
11 18 52
11 19 58
11 20 45
11 21 36
11 22 57
11 23 45
11 24 40
11 25 39
11 26 45
11 27 37
11 28 39
11 29 35
11 30 48
11 31 39
11 32 36
11 33 35
11 34 51
11 35 60
11 36 55
11 37 36
11 38 37
12 1 46
12 2 39
12 3 45
12 4 47
12 5 58
12 6 43
12 7 46
12 8 53
12 9 40
12 10 48
12 11 58
12 12 0
12 13 43
12 14 47
12 15 55
12 16 55
12 17 44
12 18 53
12 19 59
12 20 42
12 21 51
12 22 43
12 23 49
12 24 49
12 25 38
12 26 42
12 27 48
12 28 47
12 29 36
12 30 38
12 31 57
12 32 47
12 33 50
12 34 58
12 35 52
12 36 58
12 37 46
12 38 57
13 1 60
13 2 60
13 3 60
13 4 42
13 5 55
13 6 60
13 7 41
13 8 50
13 9 49
13 10 44
13 11 39
13 12 43
13 13 0
13 14 36
13 15 45
13 16 40
13 17 53
13 18 36
13 19 35
13 20 52
13 21 45
13 22 37
13 23 39
13 24 36
13 25 46
13 26 55
13 27 49
13 28 47
13 29 35
13 30 51
13 31 46
13 32 37
13 33 60
13 34 56
13 35 56
13 36 38
13 37 40
13 38 54
14 1 44
14 2 55
14 3 42
14 4 60
14 5 55
14 6 46
14 7 57
14 8 60
14 9 47
14 10 53
14 11 52
14 12 47
14 13 40
14 14 0
14 15 43
14 16 56
14 17 52
14 18 44
14 19 52
14 20 37
14 21 48
14 22 36
14 23 41
14 24 55
14 25 43
14 26 48
14 27 57
14 28 41
14 29 46
14 30 55
14 31 45
14 32 58
14 33 51
14 34 45
14 35 35
14 36 36
14 37 40
14 38 54
15 1 55
15 2 46
15 3 39
15 4 46
15 5 54
15 6 39
15 7 56
15 8 53
15 9 51
15 10 39
15 11 43
15 12 59
15 13 56
15 14 40
15 15 0
15 16 42
15 17 60
15 18 42
15 19 36
15 20 59
15 21 44
15 22 60
15 23 41
15 24 48
15 25 55
15 26 59
15 27 55
15 28 57
15 29 43
15 30 55
15 31 36
15 32 49
15 33 48
15 34 43
15 35 42
15 36 58
15 37 56
15 38 57
16 1 37
16 2 40
16 3 35
16 4 48
16 5 36
16 6 44
16 7 53
16 8 56
16 9 58
16 10 57
16 11 46
16 12 44
16 13 51
16 14 43
16 15 50
16 16 0
16 17 52
16 18 46
16 19 54
16 20 46
16 21 46
16 22 41
16 23 60
16 24 53
16 25 56
16 26 39
16 27 58
16 28 41
16 29 52
16 30 48
16 31 44
16 32 60
16 33 46
16 34 46
16 35 47
16 36 57
16 37 47
16 38 44
17 1 36
17 2 51
17 3 39
17 4 59
17 5 55
17 6 41
17 7 40
17 8 38
17 9 45
17 10 37
17 11 36
17 12 45
17 13 39
17 14 36
17 15 35
17 16 46
17 17 0
17 18 43
17 19 43
17 20 54
17 21 37
17 22 37
17 23 46
17 24 39
17 25 36
17 26 50
17 27 41
17 28 36
17 29 46
17 30 40
17 31 35
17 32 58
17 33 49
17 34 39
17 35 48
17 36 52
17 37 51
17 38 39
18 1 56
18 2 54
18 3 37
18 4 36
18 5 59
18 6 51
18 7 59
18 8 43
18 9 35
18 10 59
18 11 53
18 12 59
18 13 57
18 14 39
18 15 56
18 16 39
18 17 57
18 18 0
18 19 44
18 20 49
18 21 38
18 22 43
18 23 55
18 24 54
18 25 52
18 26 56
18 27 50
18 28 35
18 29 57
18 30 41
18 31 35
18 32 50
18 33 49
18 34 36
18 35 58
18 36 54
18 37 48
18 38 43
19 1 49
19 2 44
19 3 35
19 4 42
19 5 36
19 6 41
19 7 56
19 8 40
19 9 56
19 10 39
19 11 55
19 12 42
19 13 55
19 14 43
19 15 53
19 16 48
19 17 35
19 18 50
19 19 0
19 20 46
19 21 38
19 22 51
19 23 36
19 24 42
19 25 59
19 26 40
19 27 44
19 28 57
19 29 57
19 30 51
19 31 52
19 32 54
19 33 40
19 34 43
19 35 49
19 36 36
19 37 42
19 38 47
20 1 37
20 2 51
20 3 56
20 4 52
20 5 37
20 6 52
20 7 49
20 8 51
20 9 49
20 10 39
20 11 56
20 12 51
20 13 60
20 14 57
20 15 55
20 16 40
20 17 45
20 18 52
20 19 38
20 20 0
20 21 45
20 22 50
20 23 45
20 24 55
20 25 40
20 26 59
20 27 37
20 28 46
20 29 59
20 30 44
20 31 57
20 32 56
20 33 44
20 34 52
20 35 42
20 36 35
20 37 40
20 38 35
21 1 39
21 2 52
21 3 45
21 4 53
21 5 36
21 6 55
21 7 38
21 8 50
21 9 54
21 10 42
21 11 54
21 12 55
21 13 57
21 14 41
21 15 58
21 16 38
21 17 37
21 18 46
21 19 42
21 20 49
21 21 0
21 22 36
21 23 55
21 24 58
21 25 59
21 26 55
21 27 46
21 28 51
21 29 36
21 30 40
21 31 36
21 32 47
21 33 56
21 34 57
21 35 58
21 36 53
21 37 59
21 38 37
22 1 39
22 2 42
22 3 59
22 4 43
22 5 53
22 6 50
22 7 54
22 8 60
22 9 42
22 10 43
22 11 54
22 12 39
22 13 53
22 14 47
22 15 39
22 16 53
22 17 42
22 18 52
22 19 36
22 20 47
22 21 52
22 22 0
22 23 37
22 24 52
22 25 55
22 26 50
22 27 50
22 28 49
22 29 60
22 30 36
22 31 59
22 32 52
22 33 53
22 34 53
22 35 40
22 36 50
22 37 45
22 38 49
23 1 53
23 2 44
23 3 58
23 4 44
23 5 48
23 6 44
23 7 53
23 8 60
23 9 45
23 10 38
23 11 35
23 12 46
23 13 36
23 14 44
23 15 36
23 16 38
23 17 52
23 18 40
23 19 51
23 20 60
23 21 56
23 22 52
23 23 0
23 24 55
23 25 56
23 26 44
23 27 57
23 28 50
23 29 38
23 30 46
23 31 49
23 32 45
23 33 51
23 34 56
23 35 43
23 36 37
23 37 46
23 38 58
24 1 45
24 2 57
24 3 36
24 4 39
24 5 46
24 6 41
24 7 55
24 8 48
24 9 47
24 10 52
24 11 42
24 12 50
24 13 53
24 14 40
24 15 54
24 16 60
24 17 58
24 18 49
24 19 35
24 20 50
24 21 35
24 22 56
24 23 54
24 24 0
24 25 51
24 26 43
24 27 60
24 28 41
24 29 38
24 30 46
24 31 54
24 32 55
24 33 51
24 34 49
24 35 36
24 36 56
24 37 39
24 38 52
25 1 56
25 2 36
25 3 48
25 4 45
25 5 45
25 6 56
25 7 60
25 8 58
25 9 51
25 10 60
25 11 55
25 12 39
25 13 38
25 14 39
25 15 43
25 16 41
25 17 49
25 18 46
25 19 59
25 20 37
25 21 40
25 22 44
25 23 60
25 24 39
25 25 0
25 26 41
25 27 54
25 28 56
25 29 36
25 30 49
25 31 53
25 32 52
25 33 36
25 34 40
25 35 55
25 36 55
25 37 55
25 38 51
26 1 60
26 2 55
26 3 39
26 4 59
26 5 47
26 6 37
26 7 60
26 8 37
26 9 52
26 10 54
26 11 45
26 12 35
26 13 35
26 14 55
26 15 41
26 16 40
26 17 51
26 18 58
26 19 43
26 20 55
26 21 37
26 22 38
26 23 36
26 24 56
26 25 60
26 26 0
26 27 38
26 28 43
26 29 60
26 30 47
26 31 44
26 32 39
26 33 52
26 34 56
26 35 46
26 36 36
26 37 38
26 38 56
27 1 47
27 2 60
27 3 38
27 4 52
27 5 40
27 6 36
27 7 60
27 8 46
27 9 49
27 10 57
27 11 41
27 12 38
27 13 57
27 14 35
27 15 42
27 16 59
27 17 58
27 18 39
27 19 57
27 20 59
27 21 52
27 22 43
27 23 58
27 24 60
27 25 45
27 26 53
27 27 0
27 28 35
27 29 55
27 30 38
27 31 42
27 32 59
27 33 52
27 34 50
27 35 35
27 36 35
27 37 53
27 38 60
28 1 50
28 2 59
28 3 42
28 4 49
28 5 45
28 6 54
28 7 44
28 8 41
28 9 53
28 10 53
28 11 52
28 12 54
28 13 56
28 14 37
28 15 40
28 16 51
28 17 43
28 18 35
28 19 44
28 20 46
28 21 37
28 22 46
28 23 49
28 24 55
28 25 54
28 26 57
28 27 36
28 28 0
28 29 40
28 30 45
28 31 43
28 32 57
28 33 38
28 34 54
28 35 47
28 36 51
28 37 60
28 38 41
29 1 48
29 2 59
29 3 45
29 4 56
29 5 46
29 6 55
29 7 49
29 8 39
29 9 49
29 10 51
29 11 38
29 12 53
29 13 53
29 14 38
29 15 45
29 16 57
29 17 60
29 18 53
29 19 45
29 20 42
29 21 58
29 22 58
29 23 45
29 24 35
29 25 60
29 26 53
29 27 43
29 28 41
29 29 0
29 30 39
29 31 42
29 32 60
29 33 37
29 34 35
29 35 37
29 36 48
29 37 55
29 38 37
30 1 45
30 2 45
30 3 43
30 4 51
30 5 60
30 6 43
30 7 36
30 8 37
30 9 58
30 10 35
30 11 45
30 12 50
30 13 36
30 14 43
30 15 39
30 16 49
30 17 40
30 18 50
30 19 50
30 20 36
30 21 43
30 22 50
30 23 41
30 24 60
30 25 38
30 26 54
30 27 43
30 28 49
30 29 55
30 30 0
30 31 59
30 32 51
30 33 44
30 34 39
30 35 60
30 36 48
30 37 51
30 38 40
31 1 37
31 2 37
31 3 52
31 4 59
31 5 40
31 6 60
31 7 42
31 8 57
31 9 56
31 10 38
31 11 60
31 12 46
31 13 54
31 14 42
31 15 53
31 16 44
31 17 50
31 18 36
31 19 42
31 20 53
31 21 40
31 22 58
31 23 48
31 24 38
31 25 52
31 26 49
31 27 40
31 28 57
31 29 60
31 30 50
31 31 0
31 32 46
31 33 53
31 34 41
31 35 38
31 36 49
31 37 45
31 38 49
32 1 51
32 2 44
32 3 50
32 4 35
32 5 45
32 6 46
32 7 59
32 8 37
32 9 45
32 10 42
32 11 42
32 12 43
32 13 53
32 14 44
32 15 49
32 16 50
32 17 58
32 18 41
32 19 52
32 20 36
32 21 52
32 22 46
32 23 42
32 24 46
32 25 42
32 26 50
32 27 46
32 28 49
32 29 51
32 30 55
32 31 47
32 32 0
32 33 49
32 34 59
32 35 54
32 36 59
32 37 58
32 38 44
33 1 46
33 2 55
33 3 51
33 4 41
33 5 46
33 6 46
33 7 35
33 8 48
33 9 39
33 10 45
33 11 48
33 12 59
33 13 42
33 14 37
33 15 50
33 16 46
33 17 40
33 18 55
33 19 55
33 20 37
33 21 60
33 22 53
33 23 43
33 24 58
33 25 52
33 26 46
33 27 56
33 28 55
33 29 58
33 30 47
33 31 47
33 32 53
33 33 0
33 34 39
33 35 50
33 36 39
33 37 50
33 38 53
34 1 53
34 2 51
34 3 52
34 4 53
34 5 39
34 6 44
34 7 42
34 8 54
34 9 39
34 10 59
34 11 49
34 12 53
34 13 39
34 14 49
34 15 52
34 16 60
34 17 52
34 18 38
34 19 55
34 20 52
34 21 38
34 22 47
34 23 45
34 24 44
34 25 55
34 26 57
34 27 49
34 28 46
34 29 48
34 30 59
34 31 56
34 32 54
34 33 37
34 34 0
34 35 48
34 36 49
34 37 37
34 38 58
35 1 54
35 2 46
35 3 35
35 4 48
35 5 39
35 6 44
35 7 40
35 8 59
35 9 58
35 10 52
35 11 40
35 12 47
35 13 37
35 14 41
35 15 35
35 16 55
35 17 46
35 18 60
35 19 60
35 20 46
35 21 43
35 22 53
35 23 45
35 24 39
35 25 43
35 26 41
35 27 38
35 28 50
35 29 54
35 30 37
35 31 41
35 32 39
35 33 42
35 34 40
35 35 0
35 36 43
35 37 50
35 38 42
36 1 43
36 2 39
36 3 60
36 4 39
36 5 36
36 6 45
36 7 60
36 8 49
36 9 57
36 10 54
36 11 37
36 12 60
36 13 57
36 14 49
36 15 47
36 16 44
36 17 35
36 18 49
36 19 49
36 20 42
36 21 43
36 22 41
36 23 59
36 24 55
36 25 55
36 26 52
36 27 54
36 28 44
36 29 45
36 30 38
36 31 49
36 32 56
36 33 45
36 34 35
36 35 42
36 36 0
36 37 50
36 38 58
37 1 49
37 2 41
37 3 53
37 4 59
37 5 58
37 6 42
37 7 43
37 8 47
37 9 53
37 10 38
37 11 60
37 12 48
37 13 53
37 14 40
37 15 59
37 16 46
37 17 52
37 18 49
37 19 50
37 20 48
37 21 50
37 22 54
37 23 56
37 24 55
37 25 53
37 26 45
37 27 40
37 28 60
37 29 55
37 30 44
37 31 54
37 32 55
37 33 51
37 34 41
37 35 40
37 36 52
37 37 0
37 38 60
38 1 48
38 2 52
38 3 49
38 4 38
38 5 50
38 6 53
38 7 35
38 8 37
38 9 39
38 10 38
38 11 47
38 12 39
38 13 49
38 14 58
38 15 40
38 16 51
38 17 51
38 18 35
38 19 50
38 20 37
38 21 38
38 22 51
38 23 51
38 24 38
38 25 42
38 26 55
38 27 56
38 28 55
38 29 35
38 30 49
38 31 38
38 32 58
38 33 43
38 34 49
38 35 50
38 36 43
38 37 37
38 38 0
;
param Rinit :=
1 1 0
1 2 0
1 3 0
1 4 0
1 5 0
1 6 0
1 7 0
1 8 0
38 1 0
38 2 0
38 3 0
38 4 0
38 5 0
38 6 0
38 7 0
38 8 0
;
param f :=
1 1
2 2
3 3
4 4
;