param sigma
: 1 2 :=
1	1e-05	0.99999
2	0.1	0.9
3	0.2	0.8
4	0.3	0.7
5	0.4	0.6
6	0.5	0.5
7	0.6	0.4
8	0.7	0.3
9	0.8	0.2
10	0.9	0.1
11	0.99999	1e-05
;

set O := 1 65;
set R := 2 3 4 5 6 7 8 9 10 11 12 13 14 15 16 17 18 19 20 21 22 23 24 25 26 27 28 29 30 31 32 33 34 35 36 37 38 39 40 41 42 43 44 45 46 47 48 49 50 51 52 53 54 55 56 57 58 59 60 61 62 63 64;
set S := -1 -65;
set K := 1 2 3 4 5 6 7 8 9 10 11 12 13 14 15 16 17 18 19 20 21 22 23 24 25 26;
param b := 62;
param theta := 4808.0;
param peso_vacio := 3500;
param alpha :=
0 0
1 0
2 0
3 0
4 0
;
param beta :=
0 0.2
1 -0.1
2 0
3 0
4 0
;
param gamma :=
0 16.4
1 2.2
2 2.2
3 0.6
4 0.4
;
param delta :=
0 0
1 0
2 0
3 0
4 0
;
param epsilon :=
0 0.3
1 0
2 0
3 0
4 0
;
param zeta :=
0 2.4
1 2.5
2 1.3
3 4.5
4 3.3
;
param hta :=
0 1
1 1
2 1
3 1
4 1
;
param dm :=
1 0
2 21
3 20
4 19
5 18
6 17
7 16
8 15
9 14
10 13
11 12
12 11
13 10
14 9
15 8
16 7
17 6
18 5
19 4
20 3
21 2
22 1
23 21
24 20
25 19
26 18
27 17
28 16
29 15
30 14
31 13
32 12
33 11
34 10
35 9
36 8
37 7
38 6
39 5
40 4
41 3
42 2
43 1
44 21
45 20
46 19
47 18
48 17
49 16
50 15
51 14
52 13
53 12
54 11
55 10
56 9
57 8
58 7
59 6
60 5
61 4
62 3
63 2
64 1
65 0
;
param d :=
1 1 0.00
1 2 9.66
1 3 8.41
1 4 7.26
1 5 6.18
1 6 5.14
1 7 4.13
1 8 3.13
1 9 2.17
1 10 1.24
1 11 0.58
1 12 1.02
1 13 1.92
1 14 2.89
1 15 3.88
1 16 4.89
1 17 5.93
1 18 7.02
1 19 8.17
1 20 9.43
1 21 10.94
1 22 13.17
1 23 16.75
1 24 17.76
1 25 18.58
1 26 19.27
1 27 19.88
1 28 20.43
1 29 20.93
1 30 21.39
1 31 21.82
1 32 22.23
1 33 22.60
1 34 22.95
1 35 23.27
1 36 23.56
1 37 23.83
1 38 24.05
1 39 24.22
1 40 24.32
1 41 24.31
1 42 24.04
1 43 23.26
1 44 12.52
1 45 13.50
1 46 14.53
1 47 15.58
1 48 16.62
1 49 17.66
1 50 18.68
1 51 19.70
1 52 20.70
1 53 21.70
1 54 22.69
1 55 23.67
1 56 24.64
1 57 25.61
1 58 26.57
1 59 27.54
1 60 28.52
1 61 29.50
1 62 30.51
1 63 31.59
1 64 32.89
1 65 26.30
2 1 9.66
2 2 0.00
2 3 1.42
2 4 2.67
2 5 3.81
2 6 4.88
2 7 5.91
2 8 6.91
2 9 7.87
2 10 8.82
2 11 9.75
2 12 10.67
2 13 11.57
2 14 12.48
2 15 13.38
2 16 14.28
2 17 15.18
2 18 16.10
2 19 17.03
2 20 18.00
2 21 19.06
2 22 20.45
2 23 7.57
2 24 8.35
2 25 9.02
2 26 9.63
2 27 10.22
2 28 10.78
2 29 11.33
2 30 11.87
2 31 12.40
2 32 12.93
2 33 13.46
2 34 13.98
2 35 14.50
2 36 15.01
2 37 15.51
2 38 16.01
2 39 16.49
2 40 16.96
2 41 17.40
2 42 17.76
2 43 18.06
2 44 7.57
2 45 9.00
2 46 10.23
2 47 11.35
2 48 12.40
2 49 13.38
2 50 14.32
2 51 15.22
2 52 16.09
2 53 16.94
2 54 17.77
2 55 18.58
2 56 19.37
2 57 20.15
2 58 20.91
2 59 21.66
2 60 22.40
2 61 23.13
2 62 23.83
2 63 24.51
2 64 25.22
2 65 17.80
3 1 8.41
3 2 1.42
3 3 0.00
3 4 1.25
3 5 2.41
3 6 3.49
3 7 4.54
3 8 5.55
3 9 6.53
3 10 7.50
3 11 8.45
3 12 9.40
3 13 10.33
3 14 11.26
3 15 12.19
3 16 13.12
3 17 14.06
3 18 15.02
3 19 16.00
3 20 17.03
3 21 18.18
3 22 19.72
3 23 9.00
3 24 9.76
3 25 10.40
3 26 10.98
3 27 11.52
3 28 12.03
3 29 12.52
3 30 13.00
3 31 13.48
3 32 13.94
3 33 14.40
3 34 14.85
3 35 15.30
3 36 15.74
3 37 16.17
3 38 16.58
3 39 16.98
3 40 17.36
3 41 17.68
3 42 17.90
3 43 17.98
3 44 8.35
3 45 9.76
3 46 11.01
3 47 12.16
3 48 13.23
3 49 14.24
3 50 15.21
3 51 16.15
3 52 17.05
3 53 17.93
3 54 18.79
3 55 19.63
3 56 20.45
3 57 21.26
3 58 22.05
3 59 22.83
3 60 23.60
3 61 24.36
3 62 25.10
3 63 25.82
3 64 26.58
3 65 19.21
4 1 7.26
4 2 2.67
4 3 1.25
4 4 0.00
4 5 1.16
4 6 2.25
4 7 3.31
4 8 4.33
4 9 5.33
4 10 6.31
4 11 7.27
4 12 8.23
4 13 9.19
4 14 10.14
4 15 11.09
4 16 12.04
4 17 13.01
4 18 14.00
4 19 15.02
4 20 16.10
4 21 17.32
4 22 18.98
4 23 10.23
4 24 11.01
4 25 11.65
4 26 12.22
4 27 12.73
4 28 13.22
4 29 13.68
4 30 14.13
4 31 14.57
4 32 14.99
4 33 15.40
4 34 15.81
4 35 16.21
4 36 16.59
4 37 16.97
4 38 17.32
4 39 17.66
4 40 17.95
4 41 18.19
4 42 18.29
4 43 18.17
4 44 9.02
4 45 10.40
4 46 11.65
4 47 12.81
4 48 13.89
4 49 14.93
4 50 15.92
4 51 16.88
4 52 17.81
4 53 18.71
4 54 19.60
4 55 20.46
4 56 21.31
4 57 22.14
4 58 22.96
4 59 23.77
4 60 24.57
4 61 25.36
4 62 26.13
4 63 26.90
4 64 27.72
4 65 20.41
5 1 6.18
5 2 3.81
5 3 2.41
5 4 1.16
5 5 0.00
5 6 1.10
5 7 2.16
5 8 3.19
5 9 4.19
5 10 5.18
5 11 6.16
5 12 7.13
5 13 8.10
5 14 9.06
5 15 10.03
5 16 11.01
5 17 12.00
5 18 13.01
5 19 14.06
5 20 15.18
5 21 16.47
5 22 18.24
5 23 11.35
5 24 12.16
5 25 12.81
5 26 13.37
5 27 13.89
5 28 14.36
5 29 14.81
5 30 15.24
5 31 15.65
5 32 16.05
5 33 16.43
5 34 16.80
5 35 17.17
5 36 17.51
5 37 17.84
5 38 18.15
5 39 18.44
5 40 18.67
5 41 18.84
5 42 18.84
5 43 18.56
5 44 9.63
5 45 10.98
5 46 12.22
5 47 13.37
5 48 14.47
5 49 15.52
5 50 16.53
5 51 17.50
5 52 18.45
5 53 19.38
5 54 20.28
5 55 21.17
5 56 22.04
5 57 22.90
5 58 23.74
5 59 24.58
5 60 25.40
5 61 26.22
5 62 27.03
5 63 27.84
5 64 28.72
5 65 21.49
6 1 5.14
6 2 4.88
6 3 3.49
6 4 2.25
6 5 1.10
6 6 0.00
6 7 1.06
6 8 2.09
6 9 3.10
6 10 4.10
6 11 5.09
6 12 6.07
6 13 7.05
6 14 8.02
6 15 9.01
6 16 10.00
6 17 11.01
6 18 12.04
6 19 13.12
6 20 14.28
6 21 15.62
6 22 17.49
6 23 12.40
6 24 13.23
6 25 13.89
6 26 14.47
6 27 14.98
6 28 15.46
6 29 15.90
6 30 16.32
6 31 16.72
6 32 17.10
6 33 17.46
6 34 17.81
6 35 18.15
6 36 18.47
6 37 18.77
6 38 19.04
6 39 19.28
6 40 19.48
6 41 19.58
6 42 19.50
6 43 19.08
6 44 10.22
6 45 11.52
6 46 12.73
6 47 13.89
6 48 14.98
6 49 16.04
6 50 17.06
6 51 18.05
6 52 19.02
6 53 19.96
6 54 20.88
6 55 21.79
6 56 22.68
6 57 23.56
6 58 24.43
6 59 25.29
6 60 26.14
6 61 26.99
6 62 27.83
6 63 28.68
6 64 29.63
6 65 22.47
7 1 4.13
7 2 5.91
7 3 4.54
7 4 3.31
7 5 2.16
7 6 1.06
7 7 0.00
7 8 1.03
7 9 2.05
7 10 3.05
7 11 4.04
7 12 5.03
7 13 6.02
7 14 7.00
7 15 8.00
7 16 9.01
7 17 10.03
7 18 11.09
7 19 12.19
7 20 13.38
7 21 14.77
7 22 16.73
7 23 13.38
7 24 14.24
7 25 14.93
7 26 15.52
7 27 16.04
7 28 16.52
7 29 16.96
7 30 17.37
7 31 17.77
7 32 18.14
7 33 18.49
7 34 18.83
7 35 19.15
7 36 19.45
7 37 19.72
7 38 19.97
7 39 20.18
7 40 20.33
7 41 20.39
7 42 20.24
7 43 19.71
7 44 10.78
7 45 12.03
7 46 13.22
7 47 14.36
7 48 15.46
7 49 16.52
7 50 17.55
7 51 18.55
7 52 19.52
7 53 20.48
7 54 21.42
7 55 22.35
7 56 23.26
7 57 24.16
7 58 25.05
7 59 25.93
7 60 26.80
7 61 27.68
7 62 28.55
7 63 29.44
7 64 30.46
7 65 23.39
8 1 3.13
8 2 6.91
8 3 5.55
8 4 4.33
8 5 3.19
8 6 2.09
8 7 1.03
8 8 0.00
8 9 1.02
8 10 2.02
8 11 3.02
8 12 4.01
8 13 5.00
8 14 6.00
8 15 7.00
8 16 8.02
8 17 9.06
8 18 10.14
8 19 11.26
8 20 12.48
8 21 13.91
8 22 15.97
8 23 14.32
8 24 15.21
8 25 15.92
8 26 16.53
8 27 17.06
8 28 17.55
8 29 17.99
8 30 18.41
8 31 18.80
8 32 19.17
8 33 19.51
8 34 19.84
8 35 20.15
8 36 20.43
8 37 20.69
8 38 20.92
8 39 21.10
8 40 21.23
8 41 21.25
8 42 21.05
8 43 20.41
8 44 11.33
8 45 12.52
8 46 13.68
8 47 14.81
8 48 15.90
8 49 16.96
8 50 17.99
8 51 19.00
8 52 19.99
8 53 20.96
8 54 21.91
8 55 22.85
8 56 23.78
8 57 24.70
8 58 25.61
8 59 26.51
8 60 27.41
8 61 28.31
8 62 29.22
8 63 30.15
8 64 31.23
8 65 24.25
9 1 2.17
9 2 7.87
9 3 6.53
9 4 5.33
9 5 4.19
9 6 3.10
9 7 2.05
9 8 1.02
9 9 0.00
9 10 1.01
9 11 2.01
9 12 3.00
9 13 4.00
9 14 5.00
9 15 6.02
9 16 7.05
9 17 8.10
9 18 9.19
9 19 10.33
9 20 11.57
9 21 13.06
9 22 15.19
9 23 15.22
9 24 16.14
9 25 16.88
9 26 17.50
9 27 18.05
9 28 18.55
9 29 19.00
9 30 19.42
9 31 19.81
9 32 20.18
9 33 20.53
9 34 20.85
9 35 21.15
9 36 21.43
9 37 21.67
9 38 21.89
9 39 22.05
9 40 22.16
9 41 22.15
9 42 21.91
9 43 21.19
9 44 11.87
9 45 13.00
9 46 14.13
9 47 15.24
9 48 16.32
9 49 17.37
9 50 18.41
9 51 19.42
9 52 20.42
9 53 21.40
9 54 22.36
9 55 23.32
9 56 24.26
9 57 25.19
9 58 26.12
9 59 27.05
9 60 27.97
9 61 28.89
9 62 29.83
9 63 30.81
9 64 31.95
9 65 25.07
10 1 1.24
10 2 8.82
10 3 7.50
10 4 6.31
10 5 5.18
10 6 4.10
10 7 3.05
10 8 2.02
10 9 1.01
10 10 0.00
10 11 1.00
10 12 2.00
10 13 3.00
10 14 4.01
10 15 5.03
10 16 6.07
10 17 7.13
10 18 8.23
10 19 9.40
10 20 10.67
10 21 12.19
10 22 14.40
10 23 16.10
10 24 17.05
10 25 17.81
10 26 18.45
10 27 19.02
10 28 19.52
10 29 19.99
10 30 20.42
10 31 20.82
10 32 21.19
10 33 21.53
10 34 21.86
10 35 22.15
10 36 22.42
10 37 22.66
10 38 22.87
10 39 23.02
10 40 23.11
10 41 23.08
10 42 22.80
10 43 22.02
10 44 12.41
10 45 13.48
10 46 14.57
10 47 15.65
10 48 16.72
10 49 17.77
10 50 18.80
10 51 19.82
10 52 20.82
10 53 21.80
10 54 22.78
10 55 23.75
10 56 24.70
10 57 25.65
10 58 26.60
10 59 27.54
10 60 28.48
10 61 29.43
10 62 30.40
10 63 31.42
10 64 32.62
10 65 25.85
11 1 0.58
11 2 9.75
11 3 8.45
11 4 7.27
11 5 6.16
11 6 5.09
11 7 4.04
11 8 3.02
11 9 2.01
11 10 1.00
11 11 0.00
11 12 1.00
11 13 2.01
11 14 3.02
11 15 4.04
11 16 5.09
11 17 6.16
11 18 7.27
11 19 8.45
11 20 9.75
11 21 11.31
11 22 13.60
11 23 16.94
11 24 17.93
11 25 18.71
11 26 19.38
11 27 19.96
11 28 20.48
11 29 20.96
11 30 21.40
11 31 21.80
11 32 22.18
11 33 22.53
11 34 22.86
11 35 23.15
11 36 23.42
11 37 23.66
11 38 23.86
11 39 24.00
11 40 24.08
11 41 24.03
11 42 23.73
11 43 22.89
11 44 12.93
11 45 13.94
11 46 14.99
11 47 16.05
11 48 17.10
11 49 18.14
11 50 19.17
11 51 20.18
11 52 21.19
11 53 22.18
11 54 23.17
11 55 24.14
11 56 25.11
11 57 26.07
11 58 27.03
11 59 28.00
11 60 28.96
11 61 29.93
11 62 30.93
11 63 31.99
11 64 33.26
11 65 26.59
12 1 1.02
12 2 10.67
12 3 9.40
12 4 8.23
12 5 7.13
12 6 6.07
12 7 5.03
12 8 4.01
12 9 3.00
12 10 2.00
12 11 1.00
12 12 0.00
12 13 1.01
12 14 2.02
12 15 3.05
12 16 4.10
12 17 5.18
12 18 6.31
12 19 7.50
12 20 8.82
12 21 10.42
12 22 12.78
12 23 17.77
12 24 18.79
12 25 19.59
12 26 20.28
12 27 20.88
12 28 21.42
12 29 21.91
12 30 22.36
12 31 22.78
12 32 23.16
12 33 23.52
12 34 23.85
12 35 24.15
12 36 24.42
12 37 24.66
12 38 24.85
12 39 25.00
12 40 25.06
12 41 25.01
12 42 24.68
12 43 23.81
12 44 13.46
12 45 14.40
12 46 15.40
12 47 16.43
12 48 17.46
12 49 18.49
12 50 19.51
12 51 20.53
12 52 21.53
12 53 22.53
12 54 23.52
12 55 24.51
12 56 25.49
12 57 26.46
12 58 27.44
12 59 28.42
12 60 29.40
12 61 30.40
12 62 31.42
12 63 32.52
12 64 33.86
12 65 27.30
13 1 1.92
13 2 11.57
13 3 10.33
13 4 9.19
13 5 8.10
13 6 7.05
13 7 6.02
13 8 5.00
13 9 4.00
13 10 3.00
13 11 2.01
13 12 1.01
13 13 0.00
13 14 1.02
13 15 2.05
13 16 3.10
13 17 4.19
13 18 5.33
13 19 6.53
13 20 7.87
13 21 9.51
13 22 11.95
13 23 18.58
13 24 19.63
13 25 20.46
13 26 21.17
13 27 21.79
13 28 22.35
13 29 22.85
13 30 23.32
13 31 23.74
13 32 24.14
13 33 24.51
13 34 24.84
13 35 25.15
13 36 25.43
13 37 25.66
13 38 25.86
13 39 26.00
13 40 26.07
13 41 26.00
13 42 25.66
13 43 24.76
13 44 13.98
13 45 14.85
13 46 15.81
13 47 16.80
13 48 17.81
13 49 18.83
13 50 19.84
13 51 20.85
13 52 21.86
13 53 22.86
13 54 23.85
13 55 24.84
13 56 25.83
13 57 26.82
13 58 27.81
13 59 28.80
13 60 29.81
13 61 30.83
13 62 31.88
13 63 33.02
13 64 34.42
13 65 27.99
14 1 2.89
14 2 12.48
14 3 11.26
14 4 10.14
14 5 9.06
14 6 8.02
14 7 7.00
14 8 6.00
14 9 5.00
14 10 4.01
14 11 3.02
14 12 2.02
14 13 1.02
14 14 0.00
14 15 1.03
14 16 2.09
14 17 3.19
14 18 4.33
14 19 5.55
14 20 6.91
14 21 8.58
14 22 11.09
14 23 19.37
14 24 20.45
14 25 21.31
14 26 22.04
14 27 22.68
14 28 23.26
14 29 23.78
14 30 24.26
14 31 24.70
14 32 25.11
14 33 25.49
14 34 25.83
14 35 26.15
14 36 26.43
14 37 26.67
14 38 26.87
14 39 27.02
14 40 27.08
14 41 27.02
14 42 26.67
14 43 25.74
14 44 14.50
14 45 15.30
14 46 16.21
14 47 17.17
14 48 18.15
14 49 19.15
14 50 20.15
14 51 21.15
14 52 22.15
14 53 23.15
14 54 24.15
14 55 25.15
14 56 26.15
14 57 27.15
14 58 28.15
14 59 29.16
14 60 30.18
14 61 31.22
14 62 32.30
14 63 33.48
14 64 34.94
14 65 28.65
15 1 3.88
15 2 13.38
15 3 12.19
15 4 11.09
15 5 10.03
15 6 9.01
15 7 8.00
15 8 7.00
15 9 6.02
15 10 5.03
15 11 4.04
15 12 3.05
15 13 2.05
15 14 1.03
15 15 0.00
15 16 1.06
15 17 2.16
15 18 3.31
15 19 4.54
15 20 5.91
15 21 7.62
15 22 10.19
15 23 20.15
15 24 21.26
15 25 22.14
15 26 22.90
15 27 23.56
15 28 24.16
15 29 24.70
15 30 25.19
15 31 25.65
15 32 26.07
15 33 26.46
15 34 26.82
15 35 27.15
15 36 27.44
15 37 27.69
15 38 27.90
15 39 28.05
15 40 28.11
15 41 28.05
15 42 27.70
15 43 26.76
15 44 15.01
15 45 15.74
15 46 16.59
15 47 17.51
15 48 18.47
15 49 19.44
15 50 20.43
15 51 21.43
15 52 22.42
15 53 23.42
15 54 24.42
15 55 25.43
15 56 26.43
15 57 27.44
15 58 28.45
15 59 29.47
15 60 30.51
15 61 31.58
15 62 32.68
15 63 33.90
15 64 35.43
15 65 29.27
16 1 4.89
16 2 14.28
16 3 13.12
16 4 12.04
16 5 11.01
16 6 10.00
16 7 9.01
16 8 8.02
16 9 7.05
16 10 6.07
16 11 5.09
16 12 4.10
16 13 3.10
16 14 2.09
16 15 1.06
16 16 0.00
16 17 1.10
16 18 2.25
16 19 3.49
16 20 4.88
16 21 6.63
16 22 9.27
16 23 20.91
16 24 22.05
16 25 22.96
16 26 23.74
16 27 24.43
16 28 25.05
16 29 25.61
16 30 26.12
16 31 26.60
16 32 27.03
16 33 27.44
16 34 27.81
16 35 28.15
16 36 28.45
16 37 28.71
16 38 28.93
16 39 29.09
16 40 29.16
16 41 29.11
16 42 28.76
16 43 27.82
16 44 15.51
16 45 16.17
16 46 16.97
16 47 17.84
16 48 18.77
16 49 19.72
16 50 20.69
16 51 21.67
16 52 22.66
16 53 23.66
16 54 24.66
16 55 25.66
16 56 26.67
16 57 27.69
16 58 28.71
16 59 29.75
16 60 30.81
16 61 31.89
16 62 33.03
16 63 34.28
16 64 35.88
16 65 29.87
17 1 5.93
17 2 15.18
17 3 14.06
17 4 13.01
17 5 12.00
17 6 11.01
17 7 10.03
17 8 9.06
17 9 8.10
17 10 7.13
17 11 6.16
17 12 5.18
17 13 4.19
17 14 3.19
17 15 2.16
17 16 1.10
17 17 0.00
17 18 1.16
17 19 2.41
17 20 3.81
17 21 5.58
17 22 8.28
17 23 21.67
17 24 22.83
17 25 23.77
17 26 24.58
17 27 25.29
17 28 25.93
17 29 26.51
17 30 27.05
17 31 27.54
17 32 28.00
17 33 28.42
17 34 28.80
17 35 29.16
17 36 29.47
17 37 29.75
17 38 29.98
17 39 30.15
17 40 30.24
17 41 30.19
17 42 29.86
17 43 28.92
17 44 16.01
17 45 16.58
17 46 17.32
17 47 18.15
17 48 19.04
17 49 19.97
17 50 20.92
17 51 21.89
17 52 22.87
17 53 23.86
17 54 24.86
17 55 25.86
17 56 26.87
17 57 27.90
17 58 28.93
17 59 29.98
17 60 31.05
17 61 32.16
17 62 33.32
17 63 34.62
17 64 36.29
17 65 30.44
18 1 7.02
18 2 16.10
18 3 15.02
18 4 14.00
18 5 13.01
18 6 12.04
18 7 11.09
18 8 10.14
18 9 9.19
18 10 8.23
18 11 7.27
18 12 6.31
18 13 5.33
18 14 4.33
18 15 3.31
18 16 2.25
18 17 1.16
18 18 0.00
18 19 1.25
18 20 2.67
18 21 4.47
18 22 7.23
18 23 22.40
18 24 23.60
18 25 24.57
18 26 25.40
18 27 26.14
18 28 26.80
18 29 27.41
18 30 27.97
18 31 28.48
18 32 28.96
18 33 29.40
18 34 29.81
18 35 30.18
18 36 30.51
18 37 30.81
18 38 31.05
18 39 31.24
18 40 31.34
18 41 31.31
18 42 30.99
18 43 30.07
18 44 16.50
18 45 16.98
18 46 17.66
18 47 18.44
18 48 19.28
18 49 20.18
18 50 21.10
18 51 22.05
18 52 23.02
18 53 24.00
18 54 25.00
18 55 26.00
18 56 27.02
18 57 28.05
18 58 29.09
18 59 30.15
18 60 31.24
18 61 32.36
18 62 33.55
18 63 34.89
18 64 36.64
18 65 30.97
19 1 8.17
19 2 17.03
19 3 16.00
19 4 15.02
19 5 14.06
19 6 13.12
19 7 12.19
19 8 11.26
19 9 10.33
19 10 9.40
19 11 8.45
19 12 7.50
19 13 6.53
19 14 5.55
19 15 4.54
19 16 3.49
19 17 2.41
19 18 1.25
19 19 0.00
19 20 1.42
19 21 3.24
19 22 6.06
19 23 23.13
19 24 24.36
19 25 25.36
19 26 26.22
19 27 26.99
19 28 27.68
19 29 28.31
19 30 28.89
19 31 29.43
19 32 29.93
19 33 30.40
19 34 30.83
19 35 31.22
19 36 31.58
19 37 31.89
19 38 32.16
19 39 32.36
19 40 32.48
19 41 32.48
19 42 32.18
19 43 31.29
19 44 16.96
19 45 17.36
19 46 17.95
19 47 18.68
19 48 19.48
19 49 20.33
19 50 21.23
19 51 22.16
19 52 23.11
19 53 24.08
19 54 25.06
19 55 26.07
19 56 27.08
19 57 28.11
19 58 29.16
19 59 30.24
19 60 31.34
19 61 32.48
19 62 33.70
19 63 35.09
19 64 36.91
19 65 31.45
20 1 9.43
20 2 18.00
20 3 17.03
20 4 16.10
20 5 15.18
20 6 14.28
20 7 13.38
20 8 12.48
20 9 11.57
20 10 10.67
20 11 9.75
20 12 8.82
20 13 7.87
20 14 6.91
20 15 5.91
20 16 4.88
20 17 3.81
20 18 2.67
20 19 1.42
20 20 0.00
20 21 1.84
20 22 4.70
20 23 23.84
20 24 25.10
20 25 26.13
20 26 27.03
20 27 27.83
20 28 28.55
20 29 29.22
20 30 29.83
20 31 30.40
20 32 30.93
20 33 31.42
20 34 31.88
20 35 32.30
20 36 32.68
20 37 33.03
20 38 33.32
20 39 33.55
20 40 33.70
20 41 33.73
20 42 33.46
20 43 32.62
20 44 17.40
20 45 17.68
20 46 18.19
20 47 18.84
20 48 19.58
20 49 20.39
20 50 21.25
20 51 22.15
20 52 23.08
20 53 24.03
20 54 25.01
20 55 26.00
20 56 27.02
20 57 28.05
20 58 29.11
20 59 30.19
20 60 31.31
20 61 32.48
20 62 33.72
20 63 35.16
20 64 37.07
20 65 31.85
21 1 10.94
21 2 19.06
21 3 18.18
21 4 17.32
21 5 16.47
21 6 15.62
21 7 14.77
21 8 13.91
21 9 13.06
21 10 12.19
21 11 11.31
21 12 10.42
21 13 9.51
21 14 8.58
21 15 7.62
21 16 6.63
21 17 5.58
21 18 4.47
21 19 3.24
21 20 1.84
21 21 0.00
21 22 2.89
21 23 24.51
21 24 25.82
21 25 26.90
21 26 27.84
21 27 28.68
21 28 29.44
21 29 30.15
21 30 30.81
21 31 31.42
21 32 31.99
21 33 32.52
21 34 33.02
21 35 33.48
21 36 33.90
21 37 34.28
21 38 34.62
21 39 34.89
21 40 35.09
21 41 35.16
21 42 34.96
21 43 34.20
21 44 17.76
21 45 17.90
21 46 18.29
21 47 18.84
21 48 19.50
21 49 20.24
21 50 21.05
21 51 21.91
21 52 22.80
21 53 23.73
21 54 24.68
21 55 25.66
21 56 26.67
21 57 27.70
21 58 28.76
21 59 29.85
21 60 30.99
21 61 32.18
21 62 33.46
21 63 34.96
21 64 36.97
21 65 32.09
22 1 13.17
22 2 20.45
22 3 19.72
22 4 18.98
22 5 18.24
22 6 17.49
22 7 16.73
22 8 15.97
22 9 15.19
22 10 14.40
22 11 13.60
22 12 12.78
22 13 11.95
22 14 11.09
22 15 10.19
22 16 9.27
22 17 8.28
22 18 7.23
22 19 6.06
22 20 4.70
22 21 2.89
22 22 0.00
22 23 25.22
22 24 26.58
22 25 27.72
22 26 28.72
22 27 29.62
22 28 30.46
22 29 31.23
22 30 31.95
22 31 32.62
22 32 33.26
22 33 33.85
22 34 34.42
22 35 34.94
22 36 35.43
22 37 35.88
22 38 36.29
22 39 36.64
22 40 36.91
22 41 37.07
22 42 36.97
22 43 36.37
22 44 18.06
22 45 17.98
22 46 18.17
22 47 18.56
22 48 19.08
22 49 19.71
22 50 20.41
22 51 21.19
22 52 22.02
22 53 22.89
22 54 23.81
22 55 24.76
22 56 25.74
22 57 26.76
22 58 27.82
22 59 28.92
22 60 30.07
22 61 31.29
22 62 32.62
22 63 34.20
22 64 36.37
22 65 32.05
23 1 16.75
23 2 7.57
23 3 9.00
23 4 10.23
23 5 11.35
23 6 12.40
23 7 13.38
23 8 14.32
23 9 15.22
23 10 16.10
23 11 16.94
23 12 17.77
23 13 18.58
23 14 19.37
23 15 20.15
23 16 20.91
23 17 21.67
23 18 22.40
23 19 23.13
23 20 23.84
23 21 24.51
23 22 25.22
23 23 0.00
23 24 1.42
23 25 2.67
23 26 3.81
23 27 4.88
23 28 5.91
23 29 6.91
23 30 7.87
23 31 8.82
23 32 9.75
23 33 10.66
23 34 11.57
23 35 12.48
23 36 13.38
23 37 14.28
23 38 15.18
23 39 16.10
23 40 17.03
23 41 18.00
23 42 19.06
23 43 20.45
23 44 7.57
23 45 8.35
23 46 9.02
23 47 9.63
23 48 10.22
23 49 10.78
23 50 11.33
23 51 11.87
23 52 12.40
23 53 12.93
23 54 13.46
23 55 13.98
23 56 14.50
23 57 15.01
23 58 15.51
23 59 16.01
23 60 16.49
23 61 16.96
23 62 17.40
23 63 17.75
23 64 18.06
23 65 10.34
24 1 17.76
24 2 8.35
24 3 9.76
24 4 11.01
24 5 12.16
24 6 13.23
24 7 14.24
24 8 15.21
24 9 16.14
24 10 17.05
24 11 17.93
24 12 18.79
24 13 19.63
24 14 20.45
24 15 21.26
24 16 22.05
24 17 22.83
24 18 23.60
24 19 24.36
24 20 25.10
24 21 25.82
24 22 26.58
24 23 1.42
24 24 0.00
24 25 1.25
24 26 2.41
24 27 3.49
24 28 4.54
24 29 5.55
24 30 6.53
24 31 7.50
24 32 8.45
24 33 9.40
24 34 10.33
24 35 11.26
24 36 12.19
24 37 13.12
24 38 14.06
24 39 15.02
24 40 16.00
24 41 17.03
24 42 18.18
24 43 19.72
24 44 9.00
24 45 9.76
24 46 10.40
24 47 10.98
24 48 11.52
24 49 12.03
24 50 12.52
24 51 13.00
24 52 13.48
24 53 13.94
24 54 14.40
24 55 14.85
24 56 15.30
24 57 15.74
24 58 16.17
24 59 16.58
24 60 16.98
24 61 17.36
24 62 17.68
24 63 17.90
24 64 17.98
24 65 10.06
25 1 18.58
25 2 9.02
25 3 10.40
25 4 11.65
25 5 12.81
25 6 13.89
25 7 14.93
25 8 15.92
25 9 16.88
25 10 17.81
25 11 18.71
25 12 19.59
25 13 20.46
25 14 21.31
25 15 22.14
25 16 22.96
25 17 23.77
25 18 24.57
25 19 25.36
25 20 26.13
25 21 26.90
25 22 27.72
25 23 2.67
25 24 1.25
25 25 0.00
25 26 1.16
25 27 2.25
25 28 3.31
25 29 4.33
25 30 5.33
25 31 6.31
25 32 7.27
25 33 8.23
25 34 9.19
25 35 10.14
25 36 11.09
25 37 12.04
25 38 13.01
25 39 14.00
25 40 15.02
25 41 16.10
25 42 17.32
25 43 18.98
25 44 10.23
25 45 11.01
25 46 11.65
25 47 12.22
25 48 12.73
25 49 13.22
25 50 13.68
25 51 14.13
25 52 14.57
25 53 14.99
25 54 15.41
25 55 15.81
25 56 16.21
25 57 16.59
25 58 16.97
25 59 17.32
25 60 17.66
25 61 17.95
25 62 18.19
25 63 18.29
25 64 18.17
25 65 10.16
26 1 19.27
26 2 9.63
26 3 10.98
26 4 12.22
26 5 13.37
26 6 14.47
26 7 15.52
26 8 16.53
26 9 17.50
26 10 18.45
26 11 19.38
26 12 20.28
26 13 21.17
26 14 22.04
26 15 22.90
26 16 23.74
26 17 24.58
26 18 25.40
26 19 26.22
26 20 27.03
26 21 27.84
26 22 28.72
26 23 3.81
26 24 2.41
26 25 1.16
26 26 0.00
26 27 1.10
26 28 2.16
26 29 3.19
26 30 4.19
26 31 5.18
26 32 6.16
26 33 7.13
26 34 8.10
26 35 9.06
26 36 10.03
26 37 11.01
26 38 12.00
26 39 13.01
26 40 14.06
26 41 15.18
26 42 16.47
26 43 18.24
26 44 11.35
26 45 12.16
26 46 12.81
26 47 13.37
26 48 13.88
26 49 14.36
26 50 14.81
26 51 15.24
26 52 15.65
26 53 16.05
26 54 16.43
26 55 16.80
26 56 17.17
26 57 17.51
26 58 17.84
26 59 18.15
26 60 18.44
26 61 18.67
26 62 18.84
26 63 18.84
26 64 18.56
26 65 10.51
27 1 19.88
27 2 10.22
27 3 11.52
27 4 12.73
27 5 13.89
27 6 14.98
27 7 16.04
27 8 17.06
27 9 18.05
27 10 19.02
27 11 19.96
27 12 20.88
27 13 21.79
27 14 22.68
27 15 23.56
27 16 24.43
27 17 25.29
27 18 26.14
27 19 26.99
27 20 27.83
27 21 28.68
27 22 29.62
27 23 4.88
27 24 3.49
27 25 2.25
27 26 1.10
27 27 0.00
27 28 1.06
27 29 2.09
27 30 3.10
27 31 4.10
27 32 5.09
27 33 6.07
27 34 7.05
27 35 8.02
27 36 9.01
27 37 10.00
27 38 11.01
27 39 12.04
27 40 13.12
27 41 14.28
27 42 15.62
27 43 17.49
27 44 12.40
27 45 13.23
27 46 13.89
27 47 14.47
27 48 14.98
27 49 15.46
27 50 15.90
27 51 16.32
27 52 16.72
27 53 17.10
27 54 17.46
27 55 17.81
27 56 18.15
27 57 18.47
27 58 18.77
27 59 19.04
27 60 19.28
27 61 19.47
27 62 19.58
27 63 19.50
27 64 19.08
27 65 11.04
28 1 20.43
28 2 10.78
28 3 12.03
28 4 13.22
28 5 14.36
28 6 15.46
28 7 16.52
28 8 17.55
28 9 18.55
28 10 19.52
28 11 20.48
28 12 21.42
28 13 22.35
28 14 23.26
28 15 24.16
28 16 25.05
28 17 25.93
28 18 26.80
28 19 27.68
28 20 28.55
28 21 29.44
28 22 30.46
28 23 5.91
28 24 4.54
28 25 3.31
28 26 2.16
28 27 1.06
28 28 0.00
28 29 1.03
28 30 2.05
28 31 3.05
28 32 4.04
28 33 5.03
28 34 6.02
28 35 7.01
28 36 8.00
28 37 9.01
28 38 10.03
28 39 11.09
28 40 12.19
28 41 13.38
28 42 14.77
28 43 16.73
28 44 13.38
28 45 14.24
28 46 14.93
28 47 15.52
28 48 16.04
28 49 16.52
28 50 16.96
28 51 17.37
28 52 17.77
28 53 18.14
28 54 18.49
28 55 18.83
28 56 19.15
28 57 19.44
28 58 19.72
28 59 19.97
28 60 20.18
28 61 20.33
28 62 20.39
28 63 20.24
28 64 19.71
28 65 11.70
29 1 20.93
29 2 11.33
29 3 12.52
29 4 13.68
29 5 14.81
29 6 15.90
29 7 16.96
29 8 17.99
29 9 19.00
29 10 19.99
29 11 20.96
29 12 21.91
29 13 22.85
29 14 23.78
29 15 24.70
29 16 25.61
29 17 26.51
29 18 27.41
29 19 28.31
29 20 29.22
29 21 30.15
29 22 31.23
29 23 6.91
29 24 5.55
29 25 4.33
29 26 3.19
29 27 2.09
29 28 1.03
29 29 0.00
29 30 1.02
29 31 2.02
29 32 3.02
29 33 4.01
29 34 5.00
29 35 6.00
29 36 7.00
29 37 8.02
29 38 9.06
29 39 10.14
29 40 11.26
29 41 12.48
29 42 13.91
29 43 15.97
29 44 14.32
29 45 15.21
29 46 15.92
29 47 16.53
29 48 17.06
29 49 17.55
29 50 17.99
29 51 18.41
29 52 18.80
29 53 19.17
29 54 19.51
29 55 19.84
29 56 20.15
29 57 20.43
29 58 20.69
29 59 20.92
29 60 21.10
29 61 21.23
29 62 21.25
29 63 21.05
29 64 20.42
29 65 12.46
30 1 21.39
30 2 11.87
30 3 13.00
30 4 14.13
30 5 15.24
30 6 16.32
30 7 17.37
30 8 18.41
30 9 19.42
30 10 20.42
30 11 21.40
30 12 22.36
30 13 23.32
30 14 24.26
30 15 25.19
30 16 26.12
30 17 27.05
30 18 27.97
30 19 28.89
30 20 29.83
30 21 30.81
30 22 31.95
30 23 7.87
30 24 6.53
30 25 5.33
30 26 4.19
30 27 3.10
30 28 2.05
30 29 1.02
30 30 0.00
30 31 1.01
30 32 2.00
30 33 3.00
30 34 4.00
30 35 5.00
30 36 6.02
30 37 7.04
30 38 8.10
30 39 9.19
30 40 10.33
30 41 11.57
30 42 13.06
30 43 15.19
30 44 15.22
30 45 16.14
30 46 16.88
30 47 17.50
30 48 18.05
30 49 18.55
30 50 19.00
30 51 19.42
30 52 19.81
30 53 20.18
30 54 20.53
30 55 20.85
30 56 21.15
30 57 21.43
30 58 21.67
30 59 21.89
30 60 22.05
30 61 22.16
30 62 22.15
30 63 21.91
30 64 21.19
30 65 13.29
31 1 21.82
31 2 12.40
31 3 13.48
31 4 14.57
31 5 15.65
31 6 16.72
31 7 17.77
31 8 18.80
31 9 19.81
31 10 20.82
31 11 21.80
31 12 22.78
31 13 23.74
31 14 24.70
31 15 25.65
31 16 26.60
31 17 27.54
31 18 28.48
31 19 29.43
31 20 30.40
31 21 31.42
31 22 32.62
31 23 8.82
31 24 7.50
31 25 6.31
31 26 5.18
31 27 4.10
31 28 3.05
31 29 2.02
31 30 1.01
31 31 0.00
31 32 1.00
31 33 2.00
31 34 3.00
31 35 4.01
31 36 5.03
31 37 6.07
31 38 7.13
31 39 8.23
31 40 9.39
31 41 10.67
31 42 12.19
31 43 14.40
31 44 16.09
31 45 17.05
31 46 17.81
31 47 18.45
31 48 19.01
31 49 19.52
31 50 19.99
31 51 20.42
31 52 20.81
31 53 21.19
31 54 21.53
31 55 21.86
31 56 22.15
31 57 22.42
31 58 22.66
31 59 22.87
31 60 23.02
31 61 23.11
31 62 23.08
31 63 22.80
31 64 22.02
31 65 14.17
32 1 22.23
32 2 12.93
32 3 13.94
32 4 14.99
32 5 16.05
32 6 17.10
32 7 18.14
32 8 19.17
32 9 20.18
32 10 21.19
32 11 22.18
32 12 23.16
32 13 24.14
32 14 25.11
32 15 26.07
32 16 27.03
32 17 28.00
32 18 28.96
32 19 29.93
32 20 30.93
32 21 31.99
32 22 33.26
32 23 9.75
32 24 8.45
32 25 7.27
32 26 6.16
32 27 5.09
32 28 4.04
32 29 3.02
32 30 2.00
32 31 1.00
32 32 0.00
32 33 1.00
32 34 2.01
32 35 3.02
32 36 4.04
32 37 5.09
32 38 6.16
32 39 7.27
32 40 8.45
32 41 9.75
32 42 11.31
32 43 13.60
32 44 16.94
32 45 17.93
32 46 18.71
32 47 19.37
32 48 19.96
32 49 20.48
32 50 20.96
32 51 21.40
32 52 21.80
32 53 22.18
32 54 22.53
32 55 22.86
32 56 23.15
32 57 23.42
32 58 23.66
32 59 23.86
32 60 24.00
32 61 24.08
32 62 24.03
32 63 23.73
32 64 22.89
32 65 15.09
33 1 22.60
33 2 13.46
33 3 14.40
33 4 15.40
33 5 16.43
33 6 17.46
33 7 18.49
33 8 19.51
33 9 20.53
33 10 21.53
33 11 22.53
33 12 23.52
33 13 24.51
33 14 25.49
33 15 26.46
33 16 27.44
33 17 28.42
33 18 29.40
33 19 30.40
33 20 31.42
33 21 32.52
33 22 33.85
33 23 10.66
33 24 9.40
33 25 8.23
33 26 7.13
33 27 6.07
33 28 5.03
33 29 4.01
33 30 3.00
33 31 2.00
33 32 1.00
33 33 0.00
33 34 1.01
33 35 2.02
33 36 3.05
33 37 4.10
33 38 5.18
33 39 6.31
33 40 7.50
33 41 8.82
33 42 10.42
33 43 12.78
33 44 17.77
33 45 18.79
33 46 19.59
33 47 20.28
33 48 20.88
33 49 21.42
33 50 21.91
33 51 22.36
33 52 22.78
33 53 23.16
33 54 23.52
33 55 23.85
33 56 24.15
33 57 24.42
33 58 24.66
33 59 24.85
33 60 25.00
33 61 25.06
33 62 25.01
33 63 24.68
33 64 23.81
33 65 16.04
34 1 22.95
34 2 13.98
34 3 14.85
34 4 15.81
34 5 16.80
34 6 17.81
34 7 18.83
34 8 19.84
34 9 20.85
34 10 21.86
34 11 22.86
34 12 23.85
34 13 24.84
34 14 25.83
34 15 26.82
34 16 27.81
34 17 28.80
34 18 29.81
34 19 30.83
34 20 31.88
34 21 33.02
34 22 34.42
34 23 11.57
34 24 10.33
34 25 9.19
34 26 8.10
34 27 7.05
34 28 6.02
34 29 5.00
34 30 4.00
34 31 3.00
34 32 2.01
34 33 1.01
34 34 0.00
34 35 1.02
34 36 2.05
34 37 3.10
34 38 4.19
34 39 5.33
34 40 6.53
34 41 7.87
34 42 9.51
34 43 11.95
34 44 18.58
34 45 19.62
34 46 20.46
34 47 21.17
34 48 21.79
34 49 22.35
34 50 22.85
34 51 23.32
34 52 23.74
34 53 24.14
34 54 24.51
34 55 24.84
34 56 25.15
34 57 25.42
34 58 25.66
34 59 25.86
34 60 26.00
34 61 26.07
34 62 26.00
34 63 25.66
34 64 24.76
34 65 17.03
35 1 23.27
35 2 14.50
35 3 15.30
35 4 16.21
35 5 17.17
35 6 18.15
35 7 19.15
35 8 20.15
35 9 21.15
35 10 22.15
35 11 23.15
35 12 24.15
35 13 25.15
35 14 26.15
35 15 27.15
35 16 28.15
35 17 29.16
35 18 30.18
35 19 31.22
35 20 32.30
35 21 33.48
35 22 34.94
35 23 12.48
35 24 11.26
35 25 10.14
35 26 9.06
35 27 8.02
35 28 7.01
35 29 6.00
35 30 5.00
35 31 4.01
35 32 3.02
35 33 2.02
35 34 1.02
35 35 0.00
35 36 1.03
35 37 2.09
35 38 3.18
35 39 4.33
35 40 5.55
35 41 6.91
35 42 8.58
35 43 11.09
35 44 19.37
35 45 20.45
35 46 21.31
35 47 22.04
35 48 22.68
35 49 23.26
35 50 23.78
35 51 24.26
35 52 24.70
35 53 25.11
35 54 25.49
35 55 25.83
35 56 26.15
35 57 26.43
35 58 26.67
35 59 26.87
35 60 27.02
35 61 27.08
35 62 27.02
35 63 26.67
35 64 25.74
35 65 18.03
36 1 23.56
36 2 15.01
36 3 15.74
36 4 16.59
36 5 17.51
36 6 18.47
36 7 19.45
36 8 20.43
36 9 21.43
36 10 22.42
36 11 23.42
36 12 24.42
36 13 25.43
36 14 26.43
36 15 27.44
36 16 28.45
36 17 29.47
36 18 30.51
36 19 31.58
36 20 32.68
36 21 33.90
36 22 35.43
36 23 13.38
36 24 12.19
36 25 11.09
36 26 10.03
36 27 9.01
36 28 8.00
36 29 7.00
36 30 6.02
36 31 5.03
36 32 4.04
36 33 3.05
36 34 2.05
36 35 1.03
36 36 0.00
36 37 1.06
36 38 2.16
36 39 3.31
36 40 4.54
36 41 5.91
36 42 7.62
36 43 10.20
36 44 20.15
36 45 21.26
36 46 22.14
36 47 22.90
36 48 23.56
36 49 24.16
36 50 24.70
36 51 25.19
36 52 25.65
36 53 26.07
36 54 26.46
36 55 26.82
36 56 27.15
36 57 27.44
36 58 27.69
36 59 27.90
36 60 28.05
36 61 28.11
36 62 28.05
36 63 27.70
36 64 26.76
36 65 19.07
37 1 23.83
37 2 15.51
37 3 16.17
37 4 16.97
37 5 17.84
37 6 18.77
37 7 19.72
37 8 20.69
37 9 21.67
37 10 22.66
37 11 23.66
37 12 24.66
37 13 25.66
37 14 26.67
37 15 27.69
37 16 28.71
37 17 29.75
37 18 30.81
37 19 31.89
37 20 33.03
37 21 34.28
37 22 35.88
37 23 14.28
37 24 13.12
37 25 12.04
37 26 11.01
37 27 10.00
37 28 9.01
37 29 8.02
37 30 7.04
37 31 6.07
37 32 5.09
37 33 4.10
37 34 3.10
37 35 2.09
37 36 1.06
37 37 0.00
37 38 1.10
37 39 2.25
37 40 3.49
37 41 4.88
37 42 6.63
37 43 9.27
37 44 20.91
37 45 22.05
37 46 22.96
37 47 23.74
37 48 24.43
37 49 25.05
37 50 25.61
37 51 26.12
37 52 26.60
37 53 27.03
37 54 27.44
37 55 27.81
37 56 28.15
37 57 28.45
37 58 28.71
37 59 28.93
37 60 29.09
37 61 29.16
37 62 29.11
37 63 28.76
37 64 27.82
37 65 20.12
38 1 24.05
38 2 16.01
38 3 16.58
38 4 17.32
38 5 18.15
38 6 19.04
38 7 19.97
38 8 20.92
38 9 21.89
38 10 22.87
38 11 23.86
38 12 24.85
38 13 25.86
38 14 26.87
38 15 27.90
38 16 28.93
38 17 29.98
38 18 31.05
38 19 32.16
38 20 33.32
38 21 34.62
38 22 36.29
38 23 15.18
38 24 14.06
38 25 13.01
38 26 12.00
38 27 11.01
38 28 10.03
38 29 9.06
38 30 8.10
38 31 7.13
38 32 6.16
38 33 5.18
38 34 4.19
38 35 3.18
38 36 2.16
38 37 1.10
38 38 0.00
38 39 1.16
38 40 2.41
38 41 3.81
38 42 5.58
38 43 8.28
38 44 21.67
38 45 22.83
38 46 23.77
38 47 24.58
38 48 25.29
38 49 25.93
38 50 26.51
38 51 27.05
38 52 27.54
38 53 27.99
38 54 28.42
38 55 28.80
38 56 29.16
38 57 29.47
38 58 29.75
38 59 29.98
38 60 30.15
38 61 30.24
38 62 30.19
38 63 29.85
38 64 28.92
38 65 21.22
39 1 24.22
39 2 16.49
39 3 16.98
39 4 17.66
39 5 18.44
39 6 19.28
39 7 20.18
39 8 21.10
39 9 22.05
39 10 23.02
39 11 24.00
39 12 25.00
39 13 26.00
39 14 27.02
39 15 28.05
39 16 29.09
39 17 30.15
39 18 31.24
39 19 32.36
39 20 33.55
39 21 34.89
39 22 36.64
39 23 16.10
39 24 15.02
39 25 14.00
39 26 13.01
39 27 12.04
39 28 11.09
39 29 10.14
39 30 9.19
39 31 8.23
39 32 7.27
39 33 6.31
39 34 5.33
39 35 4.33
39 36 3.31
39 37 2.25
39 38 1.16
39 39 0.00
39 40 1.25
39 41 2.67
39 42 4.47
39 43 7.23
39 44 22.40
39 45 23.60
39 46 24.57
39 47 25.40
39 48 26.14
39 49 26.80
39 50 27.41
39 51 27.97
39 52 28.48
39 53 28.96
39 54 29.40
39 55 29.81
39 56 30.18
39 57 30.51
39 58 30.81
39 59 31.05
39 60 31.24
39 61 31.34
39 62 31.31
39 63 30.99
39 64 30.07
39 65 22.35
40 1 24.32
40 2 16.96
40 3 17.36
40 4 17.95
40 5 18.67
40 6 19.48
40 7 20.33
40 8 21.23
40 9 22.16
40 10 23.11
40 11 24.08
40 12 25.06
40 13 26.07
40 14 27.08
40 15 28.11
40 16 29.16
40 17 30.24
40 18 31.34
40 19 32.48
40 20 33.70
40 21 35.09
40 22 36.91
40 23 17.03
40 24 16.00
40 25 15.02
40 26 14.06
40 27 13.12
40 28 12.19
40 29 11.26
40 30 10.33
40 31 9.39
40 32 8.45
40 33 7.50
40 34 6.53
40 35 5.55
40 36 4.54
40 37 3.49
40 38 2.41
40 39 1.25
40 40 0.00
40 41 1.42
40 42 3.24
40 43 6.06
40 44 23.13
40 45 24.36
40 46 25.36
40 47 26.22
40 48 26.99
40 49 27.68
40 50 28.31
40 51 28.89
40 52 29.43
40 53 29.93
40 54 30.40
40 55 30.83
40 56 31.22
40 57 31.58
40 58 31.89
40 59 32.16
40 60 32.36
40 61 32.48
40 62 32.48
40 63 32.18
40 64 31.29
40 65 23.54
41 1 24.31
41 2 17.40
41 3 17.68
41 4 18.19
41 5 18.84
41 6 19.58
41 7 20.39
41 8 21.25
41 9 22.15
41 10 23.08
41 11 24.03
41 12 25.01
41 13 26.00
41 14 27.02
41 15 28.05
41 16 29.11
41 17 30.19
41 18 31.31
41 19 32.48
41 20 33.73
41 21 35.16
41 22 37.07
41 23 18.00
41 24 17.03
41 25 16.10
41 26 15.18
41 27 14.28
41 28 13.38
41 29 12.48
41 30 11.57
41 31 10.67
41 32 9.75
41 33 8.82
41 34 7.87
41 35 6.91
41 36 5.91
41 37 4.88
41 38 3.81
41 39 2.67
41 40 1.42
41 41 0.00
41 42 1.84
41 43 4.70
41 44 23.84
41 45 25.10
41 46 26.13
41 47 27.03
41 48 27.83
41 49 28.55
41 50 29.22
41 51 29.83
41 52 30.40
41 53 30.93
41 54 31.42
41 55 31.88
41 56 32.30
41 57 32.68
41 58 33.03
41 59 33.32
41 60 33.55
41 61 33.70
41 62 33.73
41 63 33.46
41 64 32.62
41 65 24.83
42 1 24.04
42 2 17.76
42 3 17.90
42 4 18.29
42 5 18.84
42 6 19.50
42 7 20.24
42 8 21.05
42 9 21.91
42 10 22.80
42 11 23.73
42 12 24.68
42 13 25.66
42 14 26.67
42 15 27.70
42 16 28.76
42 17 29.86
42 18 30.99
42 19 32.18
42 20 33.46
42 21 34.96
42 22 36.97
42 23 19.06
42 24 18.18
42 25 17.32
42 26 16.47
42 27 15.62
42 28 14.77
42 29 13.91
42 30 13.06
42 31 12.19
42 32 11.31
42 33 10.42
42 34 9.51
42 35 8.58
42 36 7.62
42 37 6.63
42 38 5.58
42 39 4.47
42 40 3.24
42 41 1.84
42 42 0.00
42 43 2.89
42 44 24.51
42 45 25.82
42 46 26.90
42 47 27.84
42 48 28.68
42 49 29.44
42 50 30.15
42 51 30.81
42 52 31.42
42 53 31.99
42 54 32.52
42 55 33.02
42 56 33.48
42 57 33.90
42 58 34.28
42 59 34.62
42 60 34.89
42 61 35.09
42 62 35.16
42 63 34.96
42 64 34.20
42 65 26.35
43 1 23.26
43 2 18.06
43 3 17.98
43 4 18.17
43 5 18.56
43 6 19.08
43 7 19.71
43 8 20.41
43 9 21.19
43 10 22.02
43 11 22.89
43 12 23.81
43 13 24.76
43 14 25.74
43 15 26.76
43 16 27.82
43 17 28.92
43 18 30.07
43 19 31.29
43 20 32.62
43 21 34.20
43 22 36.37
43 23 20.45
43 24 19.72
43 25 18.98
43 26 18.24
43 27 17.49
43 28 16.73
43 29 15.97
43 30 15.19
43 31 14.40
43 32 13.60
43 33 12.78
43 34 11.95
43 35 11.09
43 36 10.20
43 37 9.27
43 38 8.28
43 39 7.23
43 40 6.06
43 41 4.70
43 42 2.89
43 43 0.00
43 44 25.22
43 45 26.58
43 46 27.72
43 47 28.72
43 48 29.63
43 49 30.46
43 50 31.23
43 51 31.95
43 52 32.62
43 53 33.26
43 54 33.86
43 55 34.42
43 56 34.94
43 57 35.43
43 58 35.88
43 59 36.29
43 60 36.64
43 61 36.91
43 62 37.07
43 63 36.97
43 64 36.37
43 65 28.42
44 1 12.52
44 2 7.57
44 3 8.35
44 4 9.02
44 5 9.63
44 6 10.22
44 7 10.78
44 8 11.33
44 9 11.87
44 10 12.41
44 11 12.93
44 12 13.46
44 13 13.98
44 14 14.50
44 15 15.01
44 16 15.51
44 17 16.01
44 18 16.50
44 19 16.96
44 20 17.40
44 21 17.76
44 22 18.06
44 23 7.57
44 24 9.00
44 25 10.23
44 26 11.35
44 27 12.40
44 28 13.38
44 29 14.32
44 30 15.22
44 31 16.09
44 32 16.94
44 33 17.77
44 34 18.58
44 35 19.37
44 36 20.15
44 37 20.91
44 38 21.67
44 39 22.40
44 40 23.13
44 41 23.84
44 42 24.51
44 43 25.22
44 44 0.00
44 45 1.42
44 46 2.67
44 47 3.81
44 48 4.88
44 49 5.91
44 50 6.91
44 51 7.87
44 52 8.82
44 53 9.75
44 54 10.67
44 55 11.57
44 56 12.48
44 57 13.38
44 58 14.28
44 59 15.18
44 60 16.10
44 61 17.03
44 62 18.00
44 63 19.06
44 64 20.45
44 65 14.49
45 1 13.50
45 2 9.00
45 3 9.76
45 4 10.40
45 5 10.98
45 6 11.52
45 7 12.03
45 8 12.52
45 9 13.00
45 10 13.48
45 11 13.94
45 12 14.40
45 13 14.85
45 14 15.30
45 15 15.74
45 16 16.17
45 17 16.58
45 18 16.98
45 19 17.36
45 20 17.68
45 21 17.90
45 22 17.98
45 23 8.35
45 24 9.76
45 25 11.01
45 26 12.16
45 27 13.23
45 28 14.24
45 29 15.21
45 30 16.14
45 31 17.05
45 32 17.93
45 33 18.79
45 34 19.62
45 35 20.45
45 36 21.26
45 37 22.05
45 38 22.83
45 39 23.60
45 40 24.36
45 41 25.10
45 42 25.82
45 43 26.58
45 44 1.42
45 45 0.00
45 46 1.25
45 47 2.41
45 48 3.49
45 49 4.54
45 50 5.55
45 51 6.54
45 52 7.50
45 53 8.45
45 54 9.40
45 55 10.33
45 56 11.26
45 57 12.19
45 58 13.12
45 59 14.06
45 60 15.02
45 61 16.00
45 62 17.03
45 63 18.18
45 64 19.72
45 65 14.20
46 1 14.53
46 2 10.23
46 3 11.01
46 4 11.65
46 5 12.22
46 6 12.73
46 7 13.22
46 8 13.68
46 9 14.13
46 10 14.57
46 11 14.99
46 12 15.40
46 13 15.81
46 14 16.21
46 15 16.59
46 16 16.97
46 17 17.32
46 18 17.66
46 19 17.95
46 20 18.19
46 21 18.29
46 22 18.17
46 23 9.02
46 24 10.40
46 25 11.65
46 26 12.81
46 27 13.89
46 28 14.93
46 29 15.92
46 30 16.88
46 31 17.81
46 32 18.71
46 33 19.59
46 34 20.46
46 35 21.31
46 36 22.14
46 37 22.96
46 38 23.77
46 39 24.57
46 40 25.36
46 41 26.13
46 42 26.90
46 43 27.72
46 44 2.67
46 45 1.25
46 46 0.00
46 47 1.16
46 48 2.25
46 49 3.31
46 50 4.33
46 51 5.33
46 52 6.31
46 53 7.27
46 54 8.23
46 55 9.19
46 56 10.14
46 57 11.09
46 58 12.04
46 59 13.01
46 60 14.00
46 61 15.02
46 62 16.10
46 63 17.32
46 64 18.98
46 65 13.87
47 1 15.58
47 2 11.35
47 3 12.16
47 4 12.81
47 5 13.37
47 6 13.89
47 7 14.36
47 8 14.81
47 9 15.24
47 10 15.65
47 11 16.05
47 12 16.43
47 13 16.80
47 14 17.17
47 15 17.51
47 16 17.84
47 17 18.15
47 18 18.44
47 19 18.68
47 20 18.84
47 21 18.84
47 22 18.56
47 23 9.63
47 24 10.98
47 25 12.22
47 26 13.37
47 27 14.47
47 28 15.52
47 29 16.53
47 30 17.50
47 31 18.45
47 32 19.37
47 33 20.28
47 34 21.17
47 35 22.04
47 36 22.90
47 37 23.74
47 38 24.58
47 39 25.40
47 40 26.22
47 41 27.03
47 42 27.84
47 43 28.72
47 44 3.81
47 45 2.41
47 46 1.16
47 47 0.00
47 48 1.10
47 49 2.16
47 50 3.19
47 51 4.19
47 52 5.18
47 53 6.16
47 54 7.13
47 55 8.10
47 56 9.06
47 57 10.03
47 58 11.01
47 59 12.00
47 60 13.01
47 61 14.06
47 62 15.18
47 63 16.47
47 64 18.24
47 65 13.54
48 1 16.62
48 2 12.40
48 3 13.23
48 4 13.89
48 5 14.47
48 6 14.98
48 7 15.46
48 8 15.90
48 9 16.32
48 10 16.72
48 11 17.10
48 12 17.46
48 13 17.81
48 14 18.15
48 15 18.47
48 16 18.77
48 17 19.04
48 18 19.28
48 19 19.48
48 20 19.58
48 21 19.50
48 22 19.08
48 23 10.22
48 24 11.52
48 25 12.73
48 26 13.88
48 27 14.98
48 28 16.04
48 29 17.06
48 30 18.05
48 31 19.01
48 32 19.96
48 33 20.88
48 34 21.79
48 35 22.68
48 36 23.56
48 37 24.43
48 38 25.29
48 39 26.14
48 40 26.99
48 41 27.83
48 42 28.68
48 43 29.63
48 44 4.88
48 45 3.49
48 46 2.25
48 47 1.10
48 48 0.00
48 49 1.06
48 50 2.09
48 51 3.10
48 52 4.10
48 53 5.09
48 54 6.07
48 55 7.05
48 56 8.02
48 57 9.01
48 58 10.00
48 59 11.01
48 60 12.05
48 61 13.12
48 62 14.28
48 63 15.62
48 64 17.49
48 65 13.20
49 1 17.66
49 2 13.38
49 3 14.24
49 4 14.93
49 5 15.52
49 6 16.04
49 7 16.52
49 8 16.96
49 9 17.37
49 10 17.77
49 11 18.14
49 12 18.49
49 13 18.83
49 14 19.15
49 15 19.44
49 16 19.72
49 17 19.97
49 18 20.18
49 19 20.33
49 20 20.39
49 21 20.24
49 22 19.71
49 23 10.78
49 24 12.03
49 25 13.22
49 26 14.36
49 27 15.46
49 28 16.52
49 29 17.55
49 30 18.55
49 31 19.52
49 32 20.48
49 33 21.42
49 34 22.35
49 35 23.26
49 36 24.16
49 37 25.05
49 38 25.93
49 39 26.80
49 40 27.68
49 41 28.55
49 42 29.44
49 43 30.46
49 44 5.91
49 45 4.54
49 46 3.31
49 47 2.16
49 48 1.06
49 49 0.00
49 50 1.03
49 51 2.05
49 52 3.05
49 53 4.04
49 54 5.03
49 55 6.02
49 56 7.01
49 57 8.00
49 58 9.01
49 59 10.03
49 60 11.09
49 61 12.19
49 62 13.38
49 63 14.77
49 64 16.73
49 65 12.86
50 1 18.68
50 2 14.32
50 3 15.21
50 4 15.92
50 5 16.53
50 6 17.06
50 7 17.55
50 8 17.99
50 9 18.41
50 10 18.80
50 11 19.17
50 12 19.51
50 13 19.84
50 14 20.15
50 15 20.43
50 16 20.69
50 17 20.92
50 18 21.10
50 19 21.23
50 20 21.25
50 21 21.05
50 22 20.41
50 23 11.33
50 24 12.52
50 25 13.68
50 26 14.81
50 27 15.90
50 28 16.96
50 29 17.99
50 30 19.00
50 31 19.99
50 32 20.96
50 33 21.91
50 34 22.85
50 35 23.78
50 36 24.70
50 37 25.61
50 38 26.51
50 39 27.41
50 40 28.31
50 41 29.22
50 42 30.15
50 43 31.23
50 44 6.91
50 45 5.55
50 46 4.33
50 47 3.19
50 48 2.09
50 49 1.03
50 50 0.00
50 51 1.02
50 52 2.02
50 53 3.02
50 54 4.01
50 55 5.00
50 56 6.00
50 57 7.00
50 58 8.02
50 59 9.06
50 60 10.14
50 61 11.26
50 62 12.48
50 63 13.91
50 64 15.97
50 65 12.52
51 1 19.70
51 2 15.22
51 3 16.15
51 4 16.88
51 5 17.50
51 6 18.05
51 7 18.55
51 8 19.00
51 9 19.42
51 10 19.82
51 11 20.18
51 12 20.53
51 13 20.85
51 14 21.15
51 15 21.43
51 16 21.67
51 17 21.89
51 18 22.05
51 19 22.16
51 20 22.15
51 21 21.91
51 22 21.19
51 23 11.87
51 24 13.00
51 25 14.13
51 26 15.24
51 27 16.32
51 28 17.37
51 29 18.41
51 30 19.42
51 31 20.42
51 32 21.40
51 33 22.36
51 34 23.32
51 35 24.26
51 36 25.19
51 37 26.12
51 38 27.05
51 39 27.97
51 40 28.89
51 41 29.83
51 42 30.81
51 43 31.95
51 44 7.87
51 45 6.54
51 46 5.33
51 47 4.19
51 48 3.10
51 49 2.05
51 50 1.02
51 51 0.00
51 52 1.01
51 53 2.00
51 54 3.00
51 55 4.00
51 56 5.00
51 57 6.02
51 58 7.04
51 59 8.10
51 60 9.19
51 61 10.33
51 62 11.57
51 63 13.06
51 64 15.19
51 65 12.20
52 1 20.70
52 2 16.09
52 3 17.05
52 4 17.81
52 5 18.45
52 6 19.02
52 7 19.52
52 8 19.99
52 9 20.42
52 10 20.82
52 11 21.19
52 12 21.53
52 13 21.86
52 14 22.15
52 15 22.42
52 16 22.66
52 17 22.87
52 18 23.02
52 19 23.11
52 20 23.08
52 21 22.80
52 22 22.02
52 23 12.40
52 24 13.48
52 25 14.57
52 26 15.65
52 27 16.72
52 28 17.77
52 29 18.80
52 30 19.81
52 31 20.81
52 32 21.80
52 33 22.78
52 34 23.74
52 35 24.70
52 36 25.65
52 37 26.60
52 38 27.54
52 39 28.48
52 40 29.43
52 41 30.40
52 42 31.42
52 43 32.62
52 44 8.82
52 45 7.50
52 46 6.31
52 47 5.18
52 48 4.10
52 49 3.05
52 50 2.02
52 51 1.01
52 52 0.00
52 53 1.00
52 54 2.00
52 55 3.00
52 56 4.01
52 57 5.03
52 58 6.07
52 59 7.13
52 60 8.23
52 61 9.40
52 62 10.66
52 63 12.19
52 64 14.40
52 65 11.87
53 1 21.70
53 2 16.94
53 3 17.93
53 4 18.71
53 5 19.38
53 6 19.96
53 7 20.48
53 8 20.96
53 9 21.40
53 10 21.80
53 11 22.18
53 12 22.53
53 13 22.86
53 14 23.15
53 15 23.42
53 16 23.66
53 17 23.86
53 18 24.00
53 19 24.08
53 20 24.03
53 21 23.73
53 22 22.89
53 23 12.93
53 24 13.94
53 25 14.99
53 26 16.05
53 27 17.10
53 28 18.14
53 29 19.17
53 30 20.18
53 31 21.19
53 32 22.18
53 33 23.16
53 34 24.14
53 35 25.11
53 36 26.07
53 37 27.03
53 38 27.99
53 39 28.96
53 40 29.93
53 41 30.93
53 42 31.99
53 43 33.26
53 44 9.75
53 45 8.45
53 46 7.27
53 47 6.16
53 48 5.09
53 49 4.04
53 50 3.02
53 51 2.00
53 52 1.00
53 53 0.00
53 54 1.00
53 55 2.01
53 56 3.02
53 57 4.04
53 58 5.09
53 59 6.16
53 60 7.27
53 61 8.45
53 62 9.75
53 63 11.31
53 64 13.60
53 65 11.56
54 1 22.69
54 2 17.77
54 3 18.79
54 4 19.60
54 5 20.28
54 6 20.88
54 7 21.42
54 8 21.91
54 9 22.36
54 10 22.78
54 11 23.17
54 12 23.52
54 13 23.85
54 14 24.15
54 15 24.42
54 16 24.66
54 17 24.86
54 18 25.00
54 19 25.06
54 20 25.01
54 21 24.68
54 22 23.81
54 23 13.46
54 24 14.40
54 25 15.41
54 26 16.43
54 27 17.46
54 28 18.49
54 29 19.51
54 30 20.53
54 31 21.53
54 32 22.53
54 33 23.52
54 34 24.51
54 35 25.49
54 36 26.46
54 37 27.44
54 38 28.42
54 39 29.40
54 40 30.40
54 41 31.42
54 42 32.52
54 43 33.86
54 44 10.67
54 45 9.40
54 46 8.23
54 47 7.13
54 48 6.07
54 49 5.03
54 50 4.01
54 51 3.00
54 52 2.00
54 53 1.00
54 54 0.00
54 55 1.01
54 56 2.02
54 57 3.05
54 58 4.10
54 59 5.18
54 60 6.31
54 61 7.50
54 62 8.82
54 63 10.42
54 64 12.78
54 65 11.26
55 1 23.67
55 2 18.58
55 3 19.63
55 4 20.46
55 5 21.17
55 6 21.79
55 7 22.35
55 8 22.85
55 9 23.32
55 10 23.75
55 11 24.14
55 12 24.51
55 13 24.84
55 14 25.15
55 15 25.43
55 16 25.66
55 17 25.86
55 18 26.00
55 19 26.07
55 20 26.00
55 21 25.66
55 22 24.76
55 23 13.98
55 24 14.85
55 25 15.81
55 26 16.80
55 27 17.81
55 28 18.83
55 29 19.84
55 30 20.85
55 31 21.86
55 32 22.86
55 33 23.85
55 34 24.84
55 35 25.83
55 36 26.82
55 37 27.81
55 38 28.80
55 39 29.81
55 40 30.83
55 41 31.88
55 42 33.02
55 43 34.42
55 44 11.57
55 45 10.33
55 46 9.19
55 47 8.10
55 48 7.05
55 49 6.02
55 50 5.00
55 51 4.00
55 52 3.00
55 53 2.01
55 54 1.01
55 55 0.00
55 56 1.02
55 57 2.05
55 58 3.10
55 59 4.19
55 60 5.33
55 61 6.53
55 62 7.87
55 63 9.51
55 64 11.95
55 65 10.98
56 1 24.64
56 2 19.37
56 3 20.45
56 4 21.31
56 5 22.04
56 6 22.68
56 7 23.26
56 8 23.78
56 9 24.26
56 10 24.70
56 11 25.11
56 12 25.49
56 13 25.83
56 14 26.15
56 15 26.43
56 16 26.67
56 17 26.87
56 18 27.02
56 19 27.08
56 20 27.02
56 21 26.67
56 22 25.74
56 23 14.50
56 24 15.30
56 25 16.21
56 26 17.17
56 27 18.15
56 28 19.15
56 29 20.15
56 30 21.15
56 31 22.15
56 32 23.15
56 33 24.15
56 34 25.15
56 35 26.15
56 36 27.15
56 37 28.15
56 38 29.16
56 39 30.18
56 40 31.22
56 41 32.30
56 42 33.48
56 43 34.94
56 44 12.48
56 45 11.26
56 46 10.14
56 47 9.06
56 48 8.02
56 49 7.01
56 50 6.00
56 51 5.00
56 52 4.01
56 53 3.02
56 54 2.02
56 55 1.02
56 56 0.00
56 57 1.03
56 58 2.09
56 59 3.19
56 60 4.33
56 61 5.55
56 62 6.91
56 63 8.58
56 64 11.09
56 65 10.70
57 1 25.61
57 2 20.15
57 3 21.26
57 4 22.14
57 5 22.90
57 6 23.56
57 7 24.16
57 8 24.70
57 9 25.19
57 10 25.65
57 11 26.07
57 12 26.46
57 13 26.82
57 14 27.15
57 15 27.44
57 16 27.69
57 17 27.90
57 18 28.05
57 19 28.11
57 20 28.05
57 21 27.70
57 22 26.76
57 23 15.01
57 24 15.74
57 25 16.59
57 26 17.51
57 27 18.47
57 28 19.44
57 29 20.43
57 30 21.43
57 31 22.42
57 32 23.42
57 33 24.42
57 34 25.42
57 35 26.43
57 36 27.44
57 37 28.45
57 38 29.47
57 39 30.51
57 40 31.58
57 41 32.68
57 42 33.90
57 43 35.43
57 44 13.38
57 45 12.19
57 46 11.09
57 47 10.03
57 48 9.01
57 49 8.00
57 50 7.00
57 51 6.02
57 52 5.03
57 53 4.04
57 54 3.05
57 55 2.05
57 56 1.03
57 57 0.00
57 58 1.06
57 59 2.16
57 60 3.31
57 61 4.54
57 62 5.91
57 63 7.62
57 64 10.20
57 65 10.43
58 1 26.57
58 2 20.91
58 3 22.05
58 4 22.96
58 5 23.74
58 6 24.43
58 7 25.05
58 8 25.61
58 9 26.12
58 10 26.60
58 11 27.03
58 12 27.44
58 13 27.81
58 14 28.15
58 15 28.45
58 16 28.71
58 17 28.93
58 18 29.09
58 19 29.16
58 20 29.11
58 21 28.76
58 22 27.82
58 23 15.51
58 24 16.17
58 25 16.97
58 26 17.84
58 27 18.77
58 28 19.72
58 29 20.69
58 30 21.67
58 31 22.66
58 32 23.66
58 33 24.66
58 34 25.66
58 35 26.67
58 36 27.69
58 37 28.71
58 38 29.75
58 39 30.81
58 40 31.89
58 41 33.03
58 42 34.28
58 43 35.88
58 44 14.28
58 45 13.12
58 46 12.04
58 47 11.01
58 48 10.00
58 49 9.01
58 50 8.02
58 51 7.04
58 52 6.07
58 53 5.09
58 54 4.10
58 55 3.10
58 56 2.09
58 57 1.06
58 58 0.00
58 59 1.10
58 60 2.25
58 61 3.49
58 62 4.88
58 63 6.62
58 64 9.27
58 65 10.18
59 1 27.54
59 2 21.66
59 3 22.83
59 4 23.77
59 5 24.58
59 6 25.29
59 7 25.93
59 8 26.51
59 9 27.05
59 10 27.54
59 11 28.00
59 12 28.42
59 13 28.80
59 14 29.16
59 15 29.47
59 16 29.75
59 17 29.98
59 18 30.15
59 19 30.24
59 20 30.19
59 21 29.85
59 22 28.92
59 23 16.01
59 24 16.58
59 25 17.32
59 26 18.15
59 27 19.04
59 28 19.97
59 29 20.92
59 30 21.89
59 31 22.87
59 32 23.86
59 33 24.85
59 34 25.86
59 35 26.87
59 36 27.90
59 37 28.93
59 38 29.98
59 39 31.05
59 40 32.16
59 41 33.32
59 42 34.62
59 43 36.29
59 44 15.18
59 45 14.06
59 46 13.01
59 47 12.00
59 48 11.01
59 49 10.03
59 50 9.06
59 51 8.10
59 52 7.13
59 53 6.16
59 54 5.18
59 55 4.19
59 56 3.19
59 57 2.16
59 58 1.10
59 59 0.00
59 60 1.16
59 61 2.41
59 62 3.81
59 63 5.58
59 64 8.28
59 65 9.93
60 1 28.52
60 2 22.40
60 3 23.60
60 4 24.57
60 5 25.40
60 6 26.14
60 7 26.80
60 8 27.41
60 9 27.97
60 10 28.48
60 11 28.96
60 12 29.40
60 13 29.81
60 14 30.18
60 15 30.51
60 16 30.81
60 17 31.05
60 18 31.24
60 19 31.34
60 20 31.31
60 21 30.99
60 22 30.07
60 23 16.49
60 24 16.98
60 25 17.66
60 26 18.44
60 27 19.28
60 28 20.18
60 29 21.10
60 30 22.05
60 31 23.02
60 32 24.00
60 33 25.00
60 34 26.00
60 35 27.02
60 36 28.05
60 37 29.09
60 38 30.15
60 39 31.24
60 40 32.36
60 41 33.55
60 42 34.89
60 43 36.64
60 44 16.10
60 45 15.02
60 46 14.00
60 47 13.01
60 48 12.05
60 49 11.09
60 50 10.14
60 51 9.19
60 52 8.23
60 53 7.27
60 54 6.31
60 55 5.33
60 56 4.33
60 57 3.31
60 58 2.25
60 59 1.16
60 60 0.00
60 61 1.25
60 62 2.67
60 63 4.46
60 64 7.23
60 65 9.68
61 1 29.50
61 2 23.13
61 3 24.36
61 4 25.36
61 5 26.22
61 6 26.99
61 7 27.68
61 8 28.31
61 9 28.89
61 10 29.43
61 11 29.93
61 12 30.40
61 13 30.83
61 14 31.22
61 15 31.58
61 16 31.89
61 17 32.16
61 18 32.36
61 19 32.48
61 20 32.48
61 21 32.18
61 22 31.29
61 23 16.96
61 24 17.36
61 25 17.95
61 26 18.67
61 27 19.47
61 28 20.33
61 29 21.23
61 30 22.16
61 31 23.11
61 32 24.08
61 33 25.06
61 34 26.07
61 35 27.08
61 36 28.11
61 37 29.16
61 38 30.24
61 39 31.34
61 40 32.48
61 41 33.70
61 42 35.09
61 43 36.91
61 44 17.03
61 45 16.00
61 46 15.02
61 47 14.06
61 48 13.12
61 49 12.19
61 50 11.26
61 51 10.33
61 52 9.40
61 53 8.45
61 54 7.50
61 55 6.53
61 56 5.55
61 57 4.54
61 58 3.49
61 59 2.41
61 60 1.25
61 61 0.00
61 62 1.42
61 63 3.24
61 64 6.06
61 65 9.41
62 1 30.51
62 2 23.83
62 3 25.10
62 4 26.13
62 5 27.03
62 6 27.83
62 7 28.55
62 8 29.22
62 9 29.83
62 10 30.40
62 11 30.93
62 12 31.42
62 13 31.88
62 14 32.30
62 15 32.68
62 16 33.03
62 17 33.32
62 18 33.55
62 19 33.70
62 20 33.72
62 21 33.46
62 22 32.62
62 23 17.40
62 24 17.68
62 25 18.19
62 26 18.84
62 27 19.58
62 28 20.39
62 29 21.25
62 30 22.15
62 31 23.08
62 32 24.03
62 33 25.01
62 34 26.00
62 35 27.02
62 36 28.05
62 37 29.11
62 38 30.19
62 39 31.31
62 40 32.48
62 41 33.73
62 42 35.16
62 43 37.07
62 44 18.00
62 45 17.03
62 46 16.10
62 47 15.18
62 48 14.28
62 49 13.38
62 50 12.48
62 51 11.57
62 52 10.66
62 53 9.75
62 54 8.82
62 55 7.87
62 56 6.91
62 57 5.91
62 58 4.88
62 59 3.81
62 60 2.67
62 61 1.42
62 62 0.00
62 63 1.84
62 64 4.70
62 65 9.10
63 1 31.59
63 2 24.51
63 3 25.82
63 4 26.90
63 5 27.84
63 6 28.68
63 7 29.44
63 8 30.15
63 9 30.81
63 10 31.42
63 11 31.99
63 12 32.52
63 13 33.02
63 14 33.48
63 15 33.90
63 16 34.28
63 17 34.62
63 18 34.89
63 19 35.09
63 20 35.16
63 21 34.96
63 22 34.20
63 23 17.75
63 24 17.90
63 25 18.29
63 26 18.84
63 27 19.50
63 28 20.24
63 29 21.05
63 30 21.91
63 31 22.80
63 32 23.73
63 33 24.68
63 34 25.66
63 35 26.67
63 36 27.70
63 37 28.76
63 38 29.85
63 39 30.99
63 40 32.18
63 41 33.46
63 42 34.96
63 43 36.97
63 44 19.06
63 45 18.18
63 46 17.32
63 47 16.47
63 48 15.62
63 49 14.77
63 50 13.91
63 51 13.06
63 52 12.19
63 53 11.31
63 54 10.42
63 55 9.51
63 56 8.58
63 57 7.62
63 58 6.62
63 59 5.58
63 60 4.46
63 61 3.24
63 62 1.84
63 63 0.00
63 64 2.89
63 65 8.64
64 1 32.89
64 2 25.22
64 3 26.58
64 4 27.72
64 5 28.72
64 6 29.63
64 7 30.46
64 8 31.23
64 9 31.95
64 10 32.62
64 11 33.26
64 12 33.86
64 13 34.42
64 14 34.94
64 15 35.43
64 16 35.88
64 17 36.29
64 18 36.64
64 19 36.91
64 20 37.07
64 21 36.97
64 22 36.37
64 23 18.06
64 24 17.98
64 25 18.17
64 26 18.56
64 27 19.08
64 28 19.71
64 29 20.42
64 30 21.19
64 31 22.02
64 32 22.89
64 33 23.81
64 34 24.76
64 35 25.74
64 36 26.76
64 37 27.82
64 38 28.92
64 39 30.07
64 40 31.29
64 41 32.62
64 42 34.20
64 43 36.37
64 44 20.45
64 45 19.72
64 46 18.98
64 47 18.24
64 48 17.49
64 49 16.73
64 50 15.97
64 51 15.19
64 52 14.40
64 53 13.60
64 54 12.78
64 55 11.95
64 56 11.09
64 57 10.20
64 58 9.27
64 59 8.28
64 60 7.23
64 61 6.06
64 62 4.70
64 63 2.89
64 64 0.00
64 65 8.05
65 1 26.30
65 2 17.80
65 3 19.21
65 4 20.41
65 5 21.49
65 6 22.47
65 7 23.39
65 8 24.25
65 9 25.07
65 10 25.85
65 11 26.59
65 12 27.30
65 13 27.99
65 14 28.65
65 15 29.27
65 16 29.87
65 17 30.44
65 18 30.97
65 19 31.45
65 20 31.85
65 21 32.09
65 22 32.05
65 23 10.34
65 24 10.06
65 25 10.16
65 26 10.51
65 27 11.04
65 28 11.70
65 29 12.46
65 30 13.29
65 31 14.17
65 32 15.09
65 33 16.04
65 34 17.03
65 35 18.03
65 36 19.07
65 37 20.12
65 38 21.22
65 39 22.35
65 40 23.54
65 41 24.83
65 42 26.35
65 43 28.42
65 44 14.49
65 45 14.20
65 46 13.87
65 47 13.54
65 48 13.20
65 49 12.86
65 50 12.52
65 51 12.20
65 52 11.87
65 53 11.56
65 54 11.26
65 55 10.98
65 56 10.70
65 57 10.43
65 58 10.18
65 59 9.93
65 60 9.68
65 61 9.41
65 62 9.10
65 63 8.64
65 64 8.05
65 65 0.00
;
param v :=
1 1 0
1 2 46
1 3 44
1 4 43
1 5 45
1 6 58
1 7 38
1 8 53
1 9 50
1 10 46
1 11 60
1 12 55
1 13 42
1 14 51
1 15 55
1 16 44
1 17 39
1 18 40
1 19 53
1 20 54
1 21 47
1 22 47
1 23 51
1 24 55
1 25 36
1 26 56
1 27 37
1 28 42
1 29 49
1 30 41
1 31 36
1 32 40
1 33 37
1 34 53
1 35 57
1 36 57
1 37 42
1 38 54
1 39 51
1 40 48
1 41 46
1 42 46
1 43 49
1 44 49
1 45 41
1 46 39
1 47 41
1 48 59
1 49 35
1 50 35
1 51 41
1 52 57
1 53 42
1 54 56
1 55 48
1 56 37
1 57 48
1 58 48
1 59 37
1 60 36
1 61 60
1 62 42
1 63 41
1 64 44
1 65 39
2 1 54
2 2 0
2 3 42
2 4 57
2 5 57
2 6 43
2 7 60
2 8 56
2 9 42
2 10 59
2 11 48
2 12 50
2 13 45
2 14 50
2 15 48
2 16 36
2 17 48
2 18 37
2 19 36
2 20 57
2 21 41
2 22 38
2 23 35
2 24 47
2 25 42
2 26 57
2 27 36
2 28 39
2 29 44
2 30 37
2 31 35
2 32 48
2 33 39
2 34 46
2 35 39
2 36 35
2 37 47
2 38 51
2 39 57
2 40 39
2 41 52
2 42 45
2 43 60
2 44 60
2 45 48
2 46 54
2 47 47
2 48 54
2 49 54
2 50 44
2 51 50
2 52 39
2 53 50
2 54 47
2 55 58
2 56 39
2 57 49
2 58 41
2 59 45
2 60 39
2 61 49
2 62 52
2 63 42
2 64 46
2 65 54
3 1 55
3 2 46
3 3 0
3 4 48
3 5 57
3 6 40
3 7 56
3 8 49
3 9 47
3 10 52
3 11 42
3 12 39
3 13 39
3 14 50
3 15 38
3 16 50
3 17 45
3 18 41
3 19 46
3 20 45
3 21 40
3 22 50
3 23 43
3 24 42
3 25 47
3 26 40
3 27 37
3 28 56
3 29 35
3 30 49
3 31 53
3 32 56
3 33 55
3 34 52
3 35 60
3 36 53
3 37 56
3 38 44
3 39 49
3 40 39
3 41 60
3 42 44
3 43 55
3 44 59
3 45 35
3 46 60
3 47 57
3 48 49
3 49 50
3 50 41
3 51 58
3 52 36
3 53 37
3 54 54
3 55 57
3 56 35
3 57 46
3 58 36
3 59 60
3 60 57
3 61 37
3 62 51
3 63 59
3 64 57
3 65 55
4 1 48
4 2 48
4 3 41
4 4 0
4 5 38
4 6 43
4 7 51
4 8 49
4 9 42
4 10 54
4 11 37
4 12 42
4 13 48
4 14 53
4 15 52
4 16 52
4 17 59
4 18 46
4 19 55
4 20 42
4 21 45
4 22 42
4 23 38
4 24 35
4 25 54
4 26 57
4 27 44
4 28 49
4 29 48
4 30 49
4 31 57
4 32 44
4 33 52
4 34 45
4 35 50
4 36 39
4 37 49
4 38 39
4 39 57
4 40 49
4 41 59
4 42 46
4 43 45
4 44 44
4 45 52
4 46 59
4 47 43
4 48 60
4 49 38
4 50 51
4 51 48
4 52 40
4 53 48
4 54 36
4 55 60
4 56 43
4 57 52
4 58 58
4 59 42
4 60 58
4 61 54
4 62 59
4 63 45
4 64 36
4 65 41
5 1 40
5 2 53
5 3 40
5 4 57
5 5 0
5 6 40
5 7 37
5 8 56
5 9 46
5 10 54
5 11 53
5 12 43
5 13 44
5 14 51
5 15 41
5 16 56
5 17 45
5 18 43
5 19 40
5 20 38
5 21 48
5 22 55
5 23 58
5 24 46
5 25 43
5 26 36
5 27 52
5 28 41
5 29 58
5 30 35
5 31 45
5 32 53
5 33 35
5 34 58
5 35 53
5 36 49
5 37 35
5 38 50
5 39 55
5 40 37
5 41 35
5 42 37
5 43 37
5 44 53
5 45 57
5 46 60
5 47 51
5 48 50
5 49 41
5 50 41
5 51 55
5 52 58
5 53 44
5 54 40
5 55 55
5 56 41
5 57 47
5 58 35
5 59 39
5 60 48
5 61 53
5 62 41
5 63 54
5 64 58
5 65 57
6 1 56
6 2 46
6 3 49
6 4 51
6 5 39
6 6 0
6 7 43
6 8 44
6 9 56
6 10 40
6 11 47
6 12 46
6 13 53
6 14 43
6 15 55
6 16 47
6 17 52
6 18 36
6 19 44
6 20 35
6 21 54
6 22 59
6 23 46
6 24 52
6 25 36
6 26 56
6 27 36
6 28 59
6 29 57
6 30 54
6 31 51
6 32 35
6 33 45
6 34 42
6 35 46
6 36 58
6 37 55
6 38 45
6 39 37
6 40 48
6 41 35
6 42 46
6 43 56
6 44 56
6 45 59
6 46 48
6 47 53
6 48 43
6 49 53
6 50 48
6 51 44
6 52 39
6 53 37
6 54 45
6 55 35
6 56 35
6 57 59
6 58 45
6 59 55
6 60 59
6 61 46
6 62 49
6 63 54
6 64 50
6 65 45
7 1 38
7 2 56
7 3 60
7 4 36
7 5 42
7 6 53
7 7 0
7 8 39
7 9 47
7 10 37
7 11 46
7 12 55
7 13 59
7 14 50
7 15 35
7 16 37
7 17 57
7 18 39
7 19 42
7 20 38
7 21 45
7 22 59
7 23 48
7 24 39
7 25 51
7 26 39
7 27 45
7 28 36
7 29 54
7 30 58
7 31 37
7 32 44
7 33 42
7 34 56
7 35 57
7 36 46
7 37 49
7 38 58
7 39 39
7 40 58
7 41 51
7 42 58
7 43 60
7 44 42
7 45 44
7 46 37
7 47 56
7 48 42
7 49 35
7 50 47
7 51 48
7 52 36
7 53 49
7 54 60
7 55 51
7 56 41
7 57 38
7 58 52
7 59 49
7 60 48
7 61 50
7 62 56
7 63 42
7 64 41
7 65 51
8 1 44
8 2 56
8 3 60
8 4 37
8 5 54
8 6 52
8 7 41
8 8 0
8 9 38
8 10 37
8 11 57
8 12 60
8 13 37
8 14 42
8 15 56
8 16 46
8 17 57
8 18 53
8 19 42
8 20 41
8 21 51
8 22 42
8 23 49
8 24 39
8 25 49
8 26 44
8 27 44
8 28 38
8 29 41
8 30 60
8 31 54
8 32 58
8 33 39
8 34 43
8 35 44
8 36 58
8 37 58
8 38 59
8 39 47
8 40 53
8 41 39
8 42 44
8 43 54
8 44 43
8 45 43
8 46 52
8 47 58
8 48 54
8 49 36
8 50 39
8 51 53
8 52 60
8 53 35
8 54 46
8 55 55
8 56 44
8 57 51
8 58 48
8 59 45
8 60 40
8 61 38
8 62 49
8 63 45
8 64 54
8 65 35
9 1 50
9 2 52
9 3 53
9 4 43
9 5 60
9 6 50
9 7 43
9 8 60
9 9 0
9 10 39
9 11 38
9 12 38
9 13 42
9 14 42
9 15 44
9 16 47
9 17 57
9 18 41
9 19 49
9 20 43
9 21 53
9 22 54
9 23 42
9 24 57
9 25 37
9 26 37
9 27 37
9 28 44
9 29 55
9 30 35
9 31 51
9 32 44
9 33 42
9 34 49
9 35 50
9 36 51
9 37 57
9 38 58
9 39 37
9 40 36
9 41 40
9 42 53
9 43 36
9 44 41
9 45 54
9 46 54
9 47 51
9 48 55
9 49 42
9 50 59
9 51 38
9 52 42
9 53 52
9 54 49
9 55 55
9 56 41
9 57 50
9 58 39
9 59 44
9 60 57
9 61 56
9 62 46
9 63 45
9 64 58
9 65 36
10 1 46
10 2 57
10 3 44
10 4 51
10 5 45
10 6 36
10 7 53
10 8 59
10 9 35
10 10 0
10 11 41
10 12 38
10 13 59
10 14 56
10 15 48
10 16 47
10 17 40
10 18 49
10 19 42
10 20 50
10 21 38
10 22 45
10 23 47
10 24 41
10 25 58
10 26 39
10 27 37
10 28 55
10 29 56
10 30 38
10 31 51
10 32 42
10 33 39
10 34 36
10 35 46
10 36 44
10 37 41
10 38 49
10 39 58
10 40 52
10 41 55
10 42 37
10 43 56
10 44 52
10 45 46
10 46 36
10 47 50
10 48 46
10 49 55
10 50 44
10 51 38
10 52 37
10 53 39
10 54 50
10 55 59
10 56 37
10 57 55
10 58 53
10 59 59
10 60 59
10 61 47
10 62 57
10 63 42
10 64 60
10 65 60
11 1 51
11 2 58
11 3 51
11 4 36
11 5 43
11 6 59
11 7 58
11 8 42
11 9 54
11 10 49
11 11 0
11 12 46
11 13 52
11 14 55
11 15 46
11 16 46
11 17 56
11 18 52
11 19 56
11 20 40
11 21 58
11 22 59
11 23 54
11 24 60
11 25 40
11 26 38
11 27 49
11 28 42
11 29 54
11 30 59
11 31 44
11 32 60
11 33 54
11 34 46
11 35 50
11 36 50
11 37 38
11 38 39
11 39 50
11 40 38
11 41 45
11 42 38
11 43 50
11 44 45
11 45 40
11 46 56
11 47 44
11 48 38
11 49 52
11 50 36
11 51 57
11 52 54
11 53 52
11 54 59
11 55 46
11 56 38
11 57 55
11 58 36
11 59 44
11 60 36
11 61 36
11 62 47
11 63 46
11 64 44
11 65 45
12 1 40
12 2 53
12 3 56
12 4 43
12 5 39
12 6 43
12 7 38
12 8 45
12 9 39
12 10 56
12 11 40
12 12 0
12 13 48
12 14 57
12 15 48
12 16 44
12 17 51
12 18 35
12 19 43
12 20 39
12 21 45
12 22 39
12 23 47
12 24 52
12 25 55
12 26 55
12 27 58
12 28 51
12 29 36
12 30 49
12 31 45
12 32 43
12 33 55
12 34 55
12 35 50
12 36 38
12 37 37
12 38 48
12 39 58
12 40 54
12 41 43
12 42 40
12 43 44
12 44 50
12 45 39
12 46 54
12 47 46
12 48 43
12 49 60
12 50 40
12 51 43
12 52 60
12 53 53
12 54 57
12 55 40
12 56 60
12 57 56
12 58 47
12 59 57
12 60 49
12 61 35
12 62 35
12 63 58
12 64 47
12 65 35
13 1 58
13 2 57
13 3 54
13 4 38
13 5 45
13 6 56
13 7 51
13 8 38
13 9 49
13 10 37
13 11 40
13 12 38
13 13 0
13 14 36
13 15 43
13 16 40
13 17 55
13 18 37
13 19 42
13 20 53
13 21 36
13 22 37
13 23 52
13 24 47
13 25 59
13 26 36
13 27 50
13 28 39
13 29 52
13 30 56
13 31 56
13 32 47
13 33 51
13 34 37
13 35 38
13 36 56
13 37 43
13 38 56
13 39 53
13 40 45
13 41 47
13 42 49
13 43 60
13 44 44
13 45 55
13 46 39
13 47 59
13 48 51
13 49 54
13 50 37
13 51 36
13 52 54
13 53 56
13 54 36
13 55 60
13 56 59
13 57 58
13 58 48
13 59 44
13 60 48
13 61 39
13 62 56
13 63 48
13 64 51
13 65 58
14 1 40
14 2 54
14 3 40
14 4 56
14 5 56
14 6 45
14 7 47
14 8 48
14 9 50
14 10 60
14 11 59
14 12 36
14 13 47
14 14 0
14 15 55
14 16 41
14 17 49
14 18 43
14 19 47
14 20 60
14 21 54
14 22 38
14 23 37
14 24 39
14 25 41
14 26 44
14 27 54
14 28 58
14 29 43
14 30 56
14 31 54
14 32 46
14 33 52
14 34 47
14 35 38
14 36 48
14 37 53
14 38 46
14 39 40
14 40 39
14 41 52
14 42 57
14 43 51
14 44 40
14 45 50
14 46 36
14 47 42
14 48 42
14 49 54
14 50 53
14 51 45
14 52 42
14 53 49
14 54 47
14 55 54
14 56 53
14 57 52
14 58 35
14 59 49
14 60 38
14 61 55
14 62 38
14 63 37
14 64 48
14 65 47
15 1 42
15 2 43
15 3 49
15 4 57
15 5 58
15 6 46
15 7 50
15 8 50
15 9 51
15 10 50
15 11 38
15 12 46
15 13 50
15 14 37
15 15 0
15 16 55
15 17 43
15 18 51
15 19 46
15 20 41
15 21 39
15 22 39
15 23 37
15 24 40
15 25 60
15 26 56
15 27 55
15 28 49
15 29 48
15 30 51
15 31 35
15 32 37
15 33 52
15 34 41
15 35 47
15 36 46
15 37 48
15 38 40
15 39 36
15 40 43
15 41 37
15 42 46
15 43 56
15 44 51
15 45 35
15 46 50
15 47 56
15 48 37
15 49 42
15 50 39
15 51 60
15 52 54
15 53 51
15 54 53
15 55 51
15 56 56
15 57 56
15 58 52
15 59 45
15 60 36
15 61 45
15 62 36
15 63 50
15 64 39
15 65 46
16 1 42
16 2 51
16 3 47
16 4 35
16 5 36
16 6 35
16 7 51
16 8 53
16 9 36
16 10 46
16 11 57
16 12 50
16 13 51
16 14 53
16 15 55
16 16 0
16 17 50
16 18 60
16 19 40
16 20 50
16 21 41
16 22 40
16 23 54
16 24 60
16 25 41
16 26 52
16 27 36
16 28 44
16 29 60
16 30 37
16 31 36
16 32 38
16 33 60
16 34 49
16 35 50
16 36 40
16 37 52
16 38 42
16 39 45
16 40 40
16 41 51
16 42 48
16 43 53
16 44 52
16 45 52
16 46 36
16 47 46
16 48 43
16 49 52
16 50 44
16 51 49
16 52 52
16 53 51
16 54 38
16 55 50
16 56 58
16 57 46
16 58 50
16 59 48
16 60 54
16 61 36
16 62 42
16 63 48
16 64 48
16 65 53
17 1 38
17 2 46
17 3 49
17 4 56
17 5 49
17 6 52
17 7 39
17 8 49
17 9 39
17 10 52
17 11 46
17 12 56
17 13 50
17 14 53
17 15 50
17 16 48
17 17 0
17 18 40
17 19 56
17 20 55
17 21 37
17 22 52
17 23 35
17 24 52
17 25 58
17 26 54
17 27 50
17 28 52
17 29 44
17 30 47
17 31 46
17 32 51
17 33 46
17 34 48
17 35 44
17 36 57
17 37 35
17 38 51
17 39 60
17 40 46
17 41 40
17 42 42
17 43 36
17 44 48
17 45 50
17 46 47
17 47 45
17 48 55
17 49 44
17 50 35
17 51 45
17 52 58
17 53 60
17 54 51
17 55 40
17 56 56
17 57 49
17 58 52
17 59 41
17 60 49
17 61 60
17 62 57
17 63 46
17 64 58
17 65 58
18 1 54
18 2 42
18 3 53
18 4 39
18 5 41
18 6 36
18 7 36
18 8 41
18 9 39
18 10 53
18 11 59
18 12 45
18 13 37
18 14 37
18 15 44
18 16 47
18 17 55
18 18 0
18 19 37
18 20 53
18 21 57
18 22 60
18 23 52
18 24 38
18 25 53
18 26 47
18 27 41
18 28 37
18 29 47
18 30 37
18 31 43
18 32 50
18 33 41
18 34 44
18 35 52
18 36 58
18 37 49
18 38 50
18 39 40
18 40 50
18 41 46
18 42 56
18 43 52
18 44 56
18 45 49
18 46 50
18 47 59
18 48 35
18 49 50
18 50 37
18 51 44
18 52 42
18 53 46
18 54 49
18 55 41
18 56 45
18 57 38
18 58 40
18 59 46
18 60 57
18 61 52
18 62 51
18 63 50
18 64 35
18 65 49
19 1 35
19 2 52
19 3 38
19 4 48
19 5 37
19 6 36
19 7 59
19 8 57
19 9 38
19 10 53
19 11 56
19 12 49
19 13 37
19 14 51
19 15 47
19 16 45
19 17 52
19 18 42
19 19 0
19 20 47
19 21 47
19 22 47
19 23 40
19 24 56
19 25 55
19 26 45
19 27 39
19 28 54
19 29 45
19 30 49
19 31 36
19 32 57
19 33 58
19 34 51
19 35 55
19 36 42
19 37 36
19 38 42
19 39 46
19 40 35
19 41 39
19 42 48
19 43 52
19 44 51
19 45 54
19 46 40
19 47 50
19 48 41
19 49 53
19 50 57
19 51 60
19 52 53
19 53 49
19 54 53
19 55 50
19 56 60
19 57 50
19 58 49
19 59 46
19 60 40
19 61 37
19 62 58
19 63 44
19 64 47
19 65 38
20 1 58
20 2 43
20 3 37
20 4 46
20 5 58
20 6 52
20 7 60
20 8 41
20 9 57
20 10 42
20 11 57
20 12 38
20 13 52
20 14 47
20 15 55
20 16 46
20 17 50
20 18 52
20 19 35
20 20 0
20 21 52
20 22 44
20 23 57
20 24 41
20 25 57
20 26 35
20 27 56
20 28 51
20 29 53
20 30 56
20 31 42
20 32 55
20 33 59
20 34 60
20 35 40
20 36 41
20 37 52
20 38 53
20 39 54
20 40 54
20 41 43
20 42 58
20 43 45
20 44 59
20 45 54
20 46 43
20 47 54
20 48 42
20 49 57
20 50 42
20 51 49
20 52 38
20 53 37
20 54 58
20 55 40
20 56 44
20 57 59
20 58 39
20 59 60
20 60 50
20 61 35
20 62 35
20 63 50
20 64 48
20 65 50
21 1 50
21 2 56
21 3 50
21 4 40
21 5 44
21 6 50
21 7 38
21 8 44
21 9 51
21 10 50
21 11 35
21 12 50
21 13 37
21 14 41
21 15 41
21 16 60
21 17 58
21 18 43
21 19 54
21 20 58
21 21 0
21 22 57
21 23 35
21 24 52
21 25 54
21 26 43
21 27 41
21 28 50
21 29 44
21 30 44
21 31 55
21 32 44
21 33 45
21 34 36
21 35 43
21 36 43
21 37 52
21 38 59
21 39 42
21 40 47
21 41 55
21 42 45
21 43 42
21 44 60
21 45 42
21 46 40
21 47 49
21 48 54
21 49 49
21 50 48
21 51 60
21 52 49
21 53 39
21 54 42
21 55 42
21 56 59
21 57 39
21 58 57
21 59 41
21 60 39
21 61 45
21 62 42
21 63 56
21 64 44
21 65 46
22 1 53
22 2 59
22 3 56
22 4 53
22 5 41
22 6 35
22 7 37
22 8 46
22 9 59
22 10 37
22 11 43
22 12 58
22 13 49
22 14 43
22 15 57
22 16 53
22 17 60
22 18 44
22 19 42
22 20 49
22 21 60
22 22 0
22 23 44
22 24 57
22 25 45
22 26 56
22 27 58
22 28 43
22 29 48
22 30 46
22 31 46
22 32 60
22 33 39
22 34 38
22 35 58
22 36 49
22 37 44
22 38 48
22 39 45
22 40 36
22 41 37
22 42 42
22 43 41
22 44 48
22 45 44
22 46 57
22 47 45
22 48 45
22 49 54
22 50 52
22 51 56
22 52 54
22 53 60
22 54 37
22 55 60
22 56 50
22 57 44
22 58 53
22 59 50
22 60 60
22 61 45
22 62 54
22 63 36
22 64 35
22 65 35
23 1 60
23 2 48
23 3 60
23 4 37
23 5 55
23 6 45
23 7 53
23 8 49
23 9 39
23 10 44
23 11 35
23 12 55
23 13 48
23 14 41
23 15 55
23 16 51
23 17 55
23 18 39
23 19 50
23 20 54
23 21 56
23 22 46
23 23 0
23 24 53
23 25 38
23 26 35
23 27 57
23 28 52
23 29 50
23 30 40
23 31 44
23 32 48
23 33 37
23 34 39
23 35 59
23 36 40
23 37 37
23 38 46
23 39 53
23 40 47
23 41 52
23 42 51
23 43 36
23 44 49
23 45 59
23 46 39
23 47 46
23 48 50
23 49 43
23 50 43
23 51 56
23 52 35
23 53 41
23 54 48
23 55 40
23 56 54
23 57 53
23 58 48
23 59 50
23 60 43
23 61 54
23 62 55
23 63 47
23 64 59
23 65 51
24 1 36
24 2 56
24 3 48
24 4 53
24 5 39
24 6 41
24 7 38
24 8 57
24 9 35
24 10 60
24 11 42
24 12 39
24 13 39
24 14 51
24 15 37
24 16 46
24 17 52
24 18 57
24 19 41
24 20 45
24 21 53
24 22 42
24 23 47
24 24 0
24 25 50
24 26 48
24 27 47
24 28 44
24 29 39
24 30 55
24 31 56
24 32 39
24 33 40
24 34 52
24 35 56
24 36 35
24 37 47
24 38 48
24 39 54
24 40 36
24 41 49
24 42 43
24 43 50
24 44 58
24 45 47
24 46 58
24 47 41
24 48 43
24 49 38
24 50 37
24 51 50
24 52 58
24 53 37
24 54 51
24 55 37
24 56 50
24 57 38
24 58 43
24 59 59
24 60 39
24 61 41
24 62 37
24 63 42
24 64 57
24 65 40
25 1 60
25 2 58
25 3 43
25 4 58
25 5 58
25 6 46
25 7 49
25 8 44
25 9 55
25 10 39
25 11 54
25 12 35
25 13 44
25 14 57
25 15 42
25 16 60
25 17 49
25 18 55
25 19 39
25 20 58
25 21 50
25 22 49
25 23 57
25 24 56
25 25 0
25 26 59
25 27 50
25 28 51
25 29 46
25 30 54
25 31 47
25 32 47
25 33 52
25 34 50
25 35 45
25 36 59
25 37 46
25 38 56
25 39 41
25 40 58
25 41 49
25 42 42
25 43 56
25 44 54
25 45 50
25 46 36
25 47 56
25 48 55
25 49 40
25 50 42
25 51 54
25 52 43
25 53 35
25 54 45
25 55 44
25 56 41
25 57 60
25 58 44
25 59 50
25 60 41
25 61 53
25 62 39
25 63 44
25 64 40
25 65 53
26 1 54
26 2 40
26 3 49
26 4 49
26 5 38
26 6 52
26 7 59
26 8 38
26 9 55
26 10 56
26 11 35
26 12 39
26 13 60
26 14 57
26 15 40
26 16 50
26 17 49
26 18 47
26 19 48
26 20 48
26 21 42
26 22 35
26 23 35
26 24 51
26 25 44
26 26 0
26 27 44
26 28 45
26 29 35
26 30 39
26 31 47
26 32 49
26 33 60
26 34 55
26 35 43
26 36 40
26 37 55
26 38 55
26 39 42
26 40 58
26 41 57
26 42 37
26 43 48
26 44 43
26 45 52
26 46 37
26 47 38
26 48 52
26 49 42
26 50 50
26 51 59
26 52 40
26 53 59
26 54 55
26 55 45
26 56 55
26 57 57
26 58 50
26 59 54
26 60 43
26 61 53
26 62 37
26 63 60
26 64 52
26 65 38
27 1 59
27 2 59
27 3 54
27 4 52
27 5 39
27 6 56
27 7 53
27 8 60
27 9 48
27 10 46
27 11 57
27 12 51
27 13 47
27 14 52
27 15 55
27 16 60
27 17 56
27 18 46
27 19 50
27 20 43
27 21 38
27 22 45
27 23 59
27 24 50
27 25 39
27 26 51
27 27 0
27 28 37
27 29 35
27 30 45
27 31 51
27 32 55
27 33 39
27 34 44
27 35 43
27 36 60
27 37 53
27 38 42
27 39 51
27 40 51
27 41 48
27 42 35
27 43 58
27 44 58
27 45 57
27 46 46
27 47 44
27 48 44
27 49 57
27 50 52
27 51 59
27 52 43
27 53 56
27 54 42
27 55 37
27 56 42
27 57 45
27 58 36
27 59 60
27 60 40
27 61 43
27 62 40
27 63 55
27 64 39
27 65 51
28 1 38
28 2 59
28 3 46
28 4 39
28 5 60
28 6 47
28 7 59
28 8 55
28 9 35
28 10 43
28 11 42
28 12 38
28 13 44
28 14 50
28 15 55
28 16 51
28 17 57
28 18 60
28 19 35
28 20 54
28 21 50
28 22 57
28 23 40
28 24 46
28 25 58
28 26 57
28 27 45
28 28 0
28 29 56
28 30 52
28 31 59
28 32 57
28 33 56
28 34 45
28 35 44
28 36 57
28 37 48
28 38 57
28 39 35
28 40 36
28 41 46
28 42 35
28 43 36
28 44 38
28 45 39
28 46 37
28 47 48
28 48 35
28 49 46
28 50 49
28 51 43
28 52 54
28 53 58
28 54 60
28 55 52
28 56 45
28 57 45
28 58 58
28 59 53
28 60 43
28 61 53
28 62 49
28 63 35
28 64 40
28 65 53
29 1 39
29 2 53
29 3 35
29 4 54
29 5 56
29 6 39
29 7 40
29 8 43
29 9 44
29 10 43
29 11 37
29 12 37
29 13 52
29 14 53
29 15 37
29 16 60
29 17 51
29 18 47
29 19 48
29 20 53
29 21 47
29 22 55
29 23 60
29 24 50
29 25 53
29 26 55
29 27 57
29 28 38
29 29 0
29 30 40
29 31 58
29 32 57
29 33 50
29 34 35
29 35 37
29 36 39
29 37 49
29 38 46
29 39 59
29 40 58
29 41 55
29 42 38
29 43 54
29 44 35
29 45 56
29 46 39
29 47 57
29 48 46
29 49 59
29 50 50
29 51 47
29 52 41
29 53 45
29 54 46
29 55 53
29 56 55
29 57 53
29 58 44
29 59 56
29 60 37
29 61 52
29 62 56
29 63 45
29 64 41
29 65 35
30 1 35
30 2 38
30 3 52
30 4 36
30 5 39
30 6 57
30 7 48
30 8 58
30 9 53
30 10 39
30 11 43
30 12 56
30 13 59
30 14 37
30 15 43
30 16 52
30 17 56
30 18 56
30 19 40
30 20 38
30 21 57
30 22 54
30 23 49
30 24 41
30 25 53
30 26 36
30 27 44
30 28 52
30 29 50
30 30 0
30 31 47
30 32 55
30 33 48
30 34 54
30 35 39
30 36 41
30 37 35
30 38 40
30 39 53
30 40 50
30 41 53
30 42 36
30 43 43
30 44 51
30 45 35
30 46 51
30 47 41
30 48 55
30 49 59
30 50 58
30 51 46
30 52 41
30 53 59
30 54 42
30 55 44
30 56 60
30 57 59
30 58 47
30 59 46
30 60 58
30 61 51
30 62 55
30 63 59
30 64 42
30 65 53
31 1 42
31 2 58
31 3 44
31 4 42
31 5 52
31 6 57
31 7 53
31 8 37
31 9 46
31 10 40
31 11 41
31 12 55
31 13 54
31 14 50
31 15 46
31 16 35
31 17 42
31 18 53
31 19 49
31 20 50
31 21 39
31 22 47
31 23 45
31 24 55
31 25 39
31 26 39
31 27 47
31 28 45
31 29 49
31 30 37
31 31 0
31 32 36
31 33 41
31 34 52
31 35 49
31 36 43
31 37 46
31 38 42
31 39 51
31 40 58
31 41 40
31 42 44
31 43 57
31 44 53
31 45 55
31 46 56
31 47 53
31 48 37
31 49 39
31 50 38
31 51 42
31 52 37
31 53 57
31 54 41
31 55 39
31 56 46
31 57 37
31 58 59
31 59 37
31 60 54
31 61 37
31 62 54
31 63 41
31 64 40
31 65 60
32 1 37
32 2 52
32 3 47
32 4 51
32 5 54
32 6 56
32 7 50
32 8 57
32 9 40
32 10 35
32 11 38
32 12 45
32 13 46
32 14 52
32 15 59
32 16 49
32 17 50
32 18 42
32 19 44
32 20 54
32 21 49
32 22 52
32 23 57
32 24 55
32 25 42
32 26 58
32 27 43
32 28 57
32 29 50
32 30 52
32 31 39
32 32 0
32 33 46
32 34 58
32 35 46
32 36 50
32 37 47
32 38 49
32 39 53
32 40 54
32 41 35
32 42 35
32 43 40
32 44 59
32 45 38
32 46 35
32 47 57
32 48 45
32 49 58
32 50 47
32 51 59
32 52 35
32 53 38
32 54 36
32 55 46
32 56 50
32 57 59
32 58 42
32 59 51
32 60 50
32 61 59
32 62 47
32 63 58
32 64 39
32 65 57
33 1 53
33 2 41
33 3 60
33 4 36
33 5 59
33 6 50
33 7 44
33 8 57
33 9 55
33 10 36
33 11 45
33 12 47
33 13 58
33 14 59
33 15 37
33 16 48
33 17 37
33 18 45
33 19 58
33 20 47
33 21 52
33 22 57
33 23 53
33 24 41
33 25 59
33 26 45
33 27 36
33 28 55
33 29 59
33 30 49
33 31 58
33 32 49
33 33 0
33 34 44
33 35 44
33 36 45
33 37 57
33 38 35
33 39 50
33 40 56
33 41 42
33 42 41
33 43 43
33 44 36
33 45 37
33 46 58
33 47 50
33 48 52
33 49 57
33 50 38
33 51 38
33 52 45
33 53 52
33 54 46
33 55 50
33 56 57
33 57 55
33 58 41
33 59 60
33 60 45
33 61 49
33 62 40
33 63 51
33 64 43
33 65 40
34 1 37
34 2 39
34 3 48
34 4 49
34 5 41
34 6 52
34 7 44
34 8 46
34 9 51
34 10 60
34 11 55
34 12 44
34 13 48
34 14 38
34 15 46
34 16 48
34 17 39
34 18 36
34 19 58
34 20 60
34 21 47
34 22 45
34 23 52
34 24 43
34 25 48
34 26 55
34 27 40
34 28 51
34 29 54
34 30 60
34 31 36
34 32 40
34 33 51
34 34 0
34 35 49
34 36 44
34 37 44
34 38 51
34 39 57
34 40 54
34 41 39
34 42 59
34 43 54
34 44 58
34 45 38
34 46 40
34 47 44
34 48 53
34 49 45
34 50 58
34 51 35
34 52 46
34 53 60
34 54 37
34 55 59
34 56 43
34 57 36
34 58 38
34 59 38
34 60 43
34 61 46
34 62 60
34 63 46
34 64 40
34 65 35
35 1 35
35 2 54
35 3 53
35 4 47
35 5 36
35 6 60
35 7 44
35 8 47
35 9 43
35 10 49
35 11 39
35 12 48
35 13 52
35 14 38
35 15 55
35 16 45
35 17 52
35 18 49
35 19 47
35 20 35
35 21 36
35 22 53
35 23 55
35 24 53
35 25 37
35 26 45
35 27 46
35 28 49
35 29 56
35 30 48
35 31 52
35 32 48
35 33 57
35 34 38
35 35 0
35 36 40
35 37 59
35 38 52
35 39 45
35 40 49
35 41 46
35 42 46
35 43 44
35 44 53
35 45 55
35 46 45
35 47 44
35 48 47
35 49 44
35 50 56
35 51 41
35 52 51
35 53 51
35 54 56
35 55 43
35 56 54
35 57 36
35 58 58
35 59 36
35 60 54
35 61 51
35 62 55
35 63 60
35 64 52
35 65 45
36 1 46
36 2 46
36 3 42
36 4 50
36 5 52
36 6 38
36 7 59
36 8 53
36 9 45
36 10 45
36 11 42
36 12 52
36 13 54
36 14 46
36 15 36
36 16 35
36 17 43
36 18 52
36 19 46
36 20 40
36 21 60
36 22 44
36 23 41
36 24 59
36 25 36
36 26 38
36 27 52
36 28 58
36 29 40
36 30 35
36 31 36
36 32 53
36 33 44
36 34 50
36 35 48
36 36 0
36 37 57
36 38 47
36 39 44
36 40 57
36 41 60
36 42 59
36 43 52
36 44 50
36 45 53
36 46 43
36 47 48
36 48 35
36 49 55
36 50 44
36 51 35
36 52 56
36 53 37
36 54 59
36 55 56
36 56 54
36 57 60
36 58 57
36 59 37
36 60 38
36 61 36
36 62 37
36 63 53
36 64 45
36 65 35
37 1 51
37 2 45
37 3 58
37 4 45
37 5 52
37 6 37
37 7 54
37 8 39
37 9 35
37 10 35
37 11 37
37 12 41
37 13 53
37 14 42
37 15 39
37 16 53
37 17 50
37 18 50
37 19 43
37 20 39
37 21 36
37 22 58
37 23 35
37 24 44
37 25 36
37 26 42
37 27 35
37 28 51
37 29 45
37 30 46
37 31 36
37 32 45
37 33 37
37 34 56
37 35 45
37 36 55
37 37 0
37 38 50
37 39 58
37 40 35
37 41 39
37 42 40
37 43 43
37 44 53
37 45 51
37 46 41
37 47 46
37 48 42
37 49 39
37 50 54
37 51 54
37 52 59
37 53 56
37 54 54
37 55 40
37 56 38
37 57 45
37 58 57
37 59 56
37 60 37
37 61 49
37 62 59
37 63 54
37 64 42
37 65 58
38 1 41
38 2 44
38 3 46
38 4 35
38 5 54
38 6 56
38 7 44
38 8 56
38 9 47
38 10 55
38 11 58
38 12 43
38 13 35
38 14 40
38 15 44
38 16 57
38 17 60
38 18 55
38 19 48
38 20 47
38 21 45
38 22 36
38 23 54
38 24 56
38 25 55
38 26 58
38 27 35
38 28 52
38 29 42
38 30 42
38 31 39
38 32 53
38 33 44
38 34 54
38 35 46
38 36 55
38 37 56
38 38 0
38 39 35
38 40 57
38 41 50
38 42 42
38 43 57
38 44 41
38 45 59
38 46 36
38 47 57
38 48 36
38 49 55
38 50 47
38 51 44
38 52 59
38 53 38
38 54 45
38 55 49
38 56 47
38 57 36
38 58 50
38 59 56
38 60 42
38 61 58
38 62 43
38 63 35
38 64 56
38 65 54
39 1 57
39 2 49
39 3 37
39 4 56
39 5 54
39 6 36
39 7 48
39 8 44
39 9 42
39 10 53
39 11 56
39 12 58
39 13 60
39 14 58
39 15 47
39 16 39
39 17 55
39 18 52
39 19 53
39 20 53
39 21 42
39 22 53
39 23 59
39 24 59
39 25 48
39 26 52
39 27 35
39 28 59
39 29 55
39 30 39
39 31 42
39 32 57
39 33 35
39 34 43
39 35 48
39 36 49
39 37 35
39 38 42
39 39 0
39 40 49
39 41 37
39 42 59
39 43 39
39 44 43
39 45 60
39 46 60
39 47 37
39 48 49
39 49 58
39 50 50
39 51 35
39 52 43
39 53 60
39 54 45
39 55 52
39 56 45
39 57 49
39 58 52
39 59 44
39 60 58
39 61 48
39 62 55
39 63 37
39 64 57
39 65 37
40 1 59
40 2 56
40 3 51
40 4 58
40 5 57
40 6 47
40 7 51
40 8 46
40 9 41
40 10 35
40 11 35
40 12 41
40 13 42
40 14 59
40 15 49
40 16 44
40 17 49
40 18 36
40 19 52
40 20 36
40 21 41
40 22 60
40 23 39
40 24 45
40 25 37
40 26 41
40 27 47
40 28 47
40 29 37
40 30 46
40 31 50
40 32 45
40 33 42
40 34 60
40 35 51
40 36 39
40 37 58
40 38 49
40 39 39
40 40 0
40 41 56
40 42 46
40 43 50
40 44 38
40 45 41
40 46 46
40 47 35
40 48 59
40 49 48
40 50 54
40 51 38
40 52 50
40 53 47
40 54 58
40 55 51
40 56 45
40 57 56
40 58 35
40 59 35
40 60 44
40 61 58
40 62 43
40 63 43
40 64 38
40 65 57
41 1 50
41 2 48
41 3 39
41 4 46
41 5 52
41 6 42
41 7 37
41 8 54
41 9 58
41 10 40
41 11 40
41 12 42
41 13 46
41 14 40
41 15 35
41 16 46
41 17 41
41 18 55
41 19 55
41 20 44
41 21 57
41 22 40
41 23 48
41 24 57
41 25 35
41 26 38
41 27 36
41 28 48
41 29 56
41 30 55
41 31 41
41 32 51
41 33 52
41 34 47
41 35 48
41 36 48
41 37 56
41 38 35
41 39 58
41 40 52
41 41 0
41 42 57
41 43 35
41 44 52
41 45 38
41 46 40
41 47 51
41 48 46
41 49 57
41 50 38
41 51 35
41 52 38
41 53 36
41 54 52
41 55 40
41 56 43
41 57 59
41 58 47
41 59 37
41 60 50
41 61 59
41 62 59
41 63 49
41 64 56
41 65 36
42 1 52
42 2 40
42 3 54
42 4 40
42 5 51
42 6 59
42 7 41
42 8 58
42 9 47
42 10 35
42 11 43
42 12 55
42 13 51
42 14 54
42 15 44
42 16 35
42 17 59
42 18 51
42 19 37
42 20 59
42 21 48
42 22 44
42 23 39
42 24 59
42 25 45
42 26 49
42 27 42
42 28 53
42 29 44
42 30 40
42 31 47
42 32 55
42 33 37
42 34 37
42 35 57
42 36 47
42 37 50
42 38 56
42 39 55
42 40 51
42 41 38
42 42 0
42 43 38
42 44 40
42 45 46
42 46 38
42 47 56
42 48 38
42 49 37
42 50 55
42 51 42
42 52 42
42 53 54
42 54 48
42 55 53
42 56 48
42 57 58
42 58 49
42 59 60
42 60 54
42 61 44
42 62 40
42 63 55
42 64 60
42 65 55
43 1 43
43 2 41
43 3 44
43 4 39
43 5 35
43 6 38
43 7 54
43 8 58
43 9 49
43 10 48
43 11 55
43 12 50
43 13 56
43 14 38
43 15 47
43 16 39
43 17 46
43 18 54
43 19 42
43 20 46
43 21 59
43 22 45
43 23 48
43 24 42
43 25 39
43 26 47
43 27 40
43 28 42
43 29 54
43 30 38
43 31 41
43 32 55
43 33 47
43 34 59
43 35 41
43 36 58
43 37 51
43 38 46
43 39 42
43 40 48
43 41 36
43 42 57
43 43 0
43 44 46
43 45 46
43 46 50
43 47 58
43 48 47
43 49 38
43 50 54
43 51 45
43 52 60
43 53 56
43 54 38
43 55 44
43 56 55
43 57 44
43 58 59
43 59 36
43 60 43
43 61 41
43 62 40
43 63 38
43 64 43
43 65 55
44 1 54
44 2 41
44 3 49
44 4 60
44 5 35
44 6 47
44 7 57
44 8 52
44 9 47
44 10 57
44 11 39
44 12 41
44 13 36
44 14 55
44 15 59
44 16 59
44 17 45
44 18 36
44 19 40
44 20 45
44 21 51
44 22 40
44 23 55
44 24 40
44 25 47
44 26 39
44 27 43
44 28 59
44 29 37
44 30 52
44 31 52
44 32 48
44 33 55
44 34 52
44 35 36
44 36 36
44 37 51
44 38 55
44 39 47
44 40 51
44 41 41
44 42 59
44 43 54
44 44 0
44 45 46
44 46 49
44 47 49
44 48 36
44 49 40
44 50 40
44 51 39
44 52 50
44 53 38
44 54 54
44 55 36
44 56 51
44 57 53
44 58 45
44 59 36
44 60 44
44 61 37
44 62 45
44 63 46
44 64 46
44 65 40
45 1 35
45 2 53
45 3 41
45 4 43
45 5 36
45 6 48
45 7 54
45 8 54
45 9 35
45 10 43
45 11 59
45 12 46
45 13 35
45 14 47
45 15 44
45 16 45
45 17 36
45 18 49
45 19 57
45 20 50
45 21 58
45 22 36
45 23 57
45 24 59
45 25 37
45 26 54
45 27 43
45 28 59
45 29 58
45 30 45
45 31 49
45 32 51
45 33 43
45 34 49
45 35 41
45 36 53
45 37 45
45 38 45
45 39 50
45 40 43
45 41 50
45 42 60
45 43 58
45 44 42
45 45 0
45 46 57
45 47 44
45 48 54
45 49 58
45 50 52
45 51 59
45 52 49
45 53 51
45 54 60
45 55 59
45 56 52
45 57 38
45 58 53
45 59 45
45 60 52
45 61 38
45 62 40
45 63 48
45 64 35
45 65 46
46 1 41
46 2 45
46 3 56
46 4 35
46 5 50
46 6 40
46 7 59
46 8 37
46 9 37
46 10 54
46 11 54
46 12 45
46 13 41
46 14 38
46 15 39
46 16 56
46 17 52
46 18 55
46 19 46
46 20 54
46 21 54
46 22 48
46 23 38
46 24 42
46 25 55
46 26 58
46 27 44
46 28 53
46 29 50
46 30 50
46 31 51
46 32 53
46 33 60
46 34 59
46 35 56
46 36 35
46 37 48
46 38 56
46 39 51
46 40 58
46 41 46
46 42 36
46 43 53
46 44 45
46 45 48
46 46 0
46 47 58
46 48 53
46 49 47
46 50 48
46 51 58
46 52 35
46 53 49
46 54 36
46 55 44
46 56 60
46 57 43
46 58 52
46 59 48
46 60 39
46 61 59
46 62 37
46 63 44
46 64 47
46 65 37
47 1 38
47 2 39
47 3 46
47 4 40
47 5 53
47 6 55
47 7 51
47 8 56
47 9 51
47 10 50
47 11 60
47 12 42
47 13 45
47 14 48
47 15 56
47 16 58
47 17 49
47 18 43
47 19 56
47 20 46
47 21 45
47 22 49
47 23 53
47 24 60
47 25 57
47 26 57
47 27 53
47 28 38
47 29 36
47 30 45
47 31 50
47 32 55
47 33 47
47 34 58
47 35 38
47 36 50
47 37 35
47 38 52
47 39 42
47 40 48
47 41 37
47 42 56
47 43 55
47 44 43
47 45 44
47 46 58
47 47 0
47 48 52
47 49 35
47 50 43
47 51 51
47 52 50
47 53 39
47 54 53
47 55 45
47 56 37
47 57 38
47 58 49
47 59 49
47 60 48
47 61 57
47 62 50
47 63 52
47 64 44
47 65 51
48 1 40
48 2 60
48 3 43
48 4 55
48 5 57
48 6 59
48 7 53
48 8 55
48 9 44
48 10 54
48 11 53
48 12 43
48 13 42
48 14 58
48 15 50
48 16 50
48 17 58
48 18 44
48 19 40
48 20 57
48 21 39
48 22 40
48 23 42
48 24 48
48 25 59
48 26 57
48 27 50
48 28 59
48 29 47
48 30 38
48 31 46
48 32 41
48 33 44
48 34 40
48 35 57
48 36 40
48 37 41
48 38 55
48 39 40
48 40 40
48 41 50
48 42 49
48 43 53
48 44 57
48 45 47
48 46 54
48 47 38
48 48 0
48 49 46
48 50 47
48 51 42
48 52 48
48 53 42
48 54 51
48 55 42
48 56 49
48 57 50
48 58 51
48 59 54
48 60 54
48 61 38
48 62 58
48 63 40
48 64 51
48 65 57
49 1 60
49 2 36
49 3 53
49 4 48
49 5 54
49 6 57
49 7 43
49 8 46
49 9 57
49 10 38
49 11 47
49 12 46
49 13 35
49 14 41
49 15 55
49 16 54
49 17 52
49 18 48
49 19 45
49 20 42
49 21 39
49 22 51
49 23 57
49 24 51
49 25 39
49 26 45
49 27 54
49 28 39
49 29 37
49 30 50
49 31 56
49 32 39
49 33 40
49 34 60
49 35 47
49 36 35
49 37 47
49 38 41
49 39 53
49 40 47
49 41 46
49 42 44
49 43 41
49 44 42
49 45 52
49 46 48
49 47 36
49 48 47
49 49 0
49 50 52
49 51 36
49 52 58
49 53 50
49 54 38
49 55 38
49 56 44
49 57 56
49 58 52
49 59 56
49 60 44
49 61 35
49 62 44
49 63 48
49 64 41
49 65 51
50 1 38
50 2 42
50 3 36
50 4 49
50 5 57
50 6 60
50 7 51
50 8 38
50 9 40
50 10 56
50 11 36
50 12 56
50 13 50
50 14 37
50 15 40
50 16 52
50 17 54
50 18 50
50 19 53
50 20 40
50 21 46
50 22 43
50 23 37
50 24 37
50 25 39
50 26 52
50 27 60
50 28 57
50 29 42
50 30 55
50 31 54
50 32 51
50 33 38
50 34 41
50 35 59
50 36 38
50 37 41
50 38 55
50 39 40
50 40 56
50 41 54
50 42 54
50 43 51
50 44 52
50 45 52
50 46 50
50 47 52
50 48 58
50 49 42
50 50 0
50 51 55
50 52 36
50 53 37
50 54 55
50 55 48
50 56 39
50 57 47
50 58 55
50 59 59
50 60 55
50 61 40
50 62 38
50 63 53
50 64 43
50 65 41
51 1 60
51 2 42
51 3 57
51 4 50
51 5 53
51 6 43
51 7 44
51 8 58
51 9 46
51 10 36
51 11 40
51 12 43
51 13 49
51 14 48
51 15 55
51 16 39
51 17 57
51 18 49
51 19 57
51 20 52
51 21 35
51 22 46
51 23 40
51 24 49
51 25 40
51 26 43
51 27 57
51 28 44
51 29 56
51 30 45
51 31 36
51 32 41
51 33 46
51 34 52
51 35 53
51 36 36
51 37 54
51 38 47
51 39 41
51 40 59
51 41 56
51 42 54
51 43 60
51 44 38
51 45 55
51 46 58
51 47 47
51 48 55
51 49 43
51 50 42
51 51 0
51 52 50
51 53 46
51 54 45
51 55 43
51 56 41
51 57 38
51 58 55
51 59 43
51 60 57
51 61 45
51 62 60
51 63 50
51 64 46
51 65 49
52 1 49
52 2 54
52 3 41
52 4 35
52 5 44
52 6 48
52 7 54
52 8 42
52 9 42
52 10 58
52 11 35
52 12 46
52 13 46
52 14 52
52 15 55
52 16 37
52 17 40
52 18 52
52 19 44
52 20 42
52 21 50
52 22 52
52 23 44
52 24 43
52 25 39
52 26 45
52 27 57
52 28 58
52 29 47
52 30 41
52 31 40
52 32 47
52 33 54
52 34 47
52 35 54
52 36 38
52 37 54
52 38 46
52 39 57
52 40 47
52 41 57
52 42 57
52 43 60
52 44 46
52 45 54
52 46 47
52 47 47
52 48 42
52 49 41
52 50 52
52 51 60
52 52 0
52 53 35
52 54 38
52 55 41
52 56 60
52 57 44
52 58 41
52 59 48
52 60 57
52 61 58
52 62 58
52 63 42
52 64 48
52 65 54
53 1 55
53 2 43
53 3 50
53 4 41
53 5 60
53 6 35
53 7 60
53 8 46
53 9 47
53 10 38
53 11 56
53 12 45
53 13 41
53 14 52
53 15 47
53 16 51
53 17 38
53 18 57
53 19 48
53 20 57
53 21 50
53 22 58
53 23 36
53 24 47
53 25 40
53 26 39
53 27 56
53 28 53
53 29 50
53 30 51
53 31 37
53 32 54
53 33 43
53 34 43
53 35 47
53 36 35
53 37 47
53 38 37
53 39 44
53 40 54
53 41 51
53 42 39
53 43 47
53 44 60
53 45 50
53 46 45
53 47 40
53 48 36
53 49 50
53 50 36
53 51 59
53 52 50
53 53 0
53 54 47
53 55 50
53 56 38
53 57 38
53 58 38
53 59 47
53 60 50
53 61 49
53 62 37
53 63 41
53 64 52
53 65 60
54 1 57
54 2 39
54 3 38
54 4 50
54 5 58
54 6 54
54 7 46
54 8 45
54 9 58
54 10 49
54 11 44
54 12 58
54 13 38
54 14 55
54 15 42
54 16 49
54 17 60
54 18 45
54 19 55
54 20 54
54 21 53
54 22 47
54 23 37
54 24 36
54 25 47
54 26 52
54 27 42
54 28 43
54 29 60
54 30 43
54 31 54
54 32 52
54 33 42
54 34 52
54 35 39
54 36 45
54 37 59
54 38 47
54 39 52
54 40 56
54 41 59
54 42 35
54 43 59
54 44 59
54 45 56
54 46 59
54 47 47
54 48 36
54 49 36
54 50 36
54 51 45
54 52 51
54 53 49
54 54 0
54 55 38
54 56 49
54 57 56
54 58 36
54 59 40
54 60 53
54 61 45
54 62 59
54 63 50
54 64 52
54 65 39
55 1 42
55 2 35
55 3 40
55 4 54
55 5 51
55 6 47
55 7 58
55 8 57
55 9 40
55 10 47
55 11 49
55 12 55
55 13 36
55 14 52
55 15 54
55 16 36
55 17 56
55 18 55
55 19 49
55 20 39
55 21 53
55 22 57
55 23 42
55 24 43
55 25 60
55 26 59
55 27 57
55 28 60
55 29 44
55 30 43
55 31 60
55 32 49
55 33 51
55 34 49
55 35 58
55 36 36
55 37 58
55 38 49
55 39 46
55 40 53
55 41 57
55 42 55
55 43 42
55 44 47
55 45 55
55 46 36
55 47 51
55 48 46
55 49 49
55 50 46
55 51 36
55 52 51
55 53 47
55 54 38
55 55 0
55 56 47
55 57 50
55 58 36
55 59 54
55 60 46
55 61 49
55 62 48
55 63 55
55 64 42
55 65 58
56 1 52
56 2 52
56 3 35
56 4 45
56 5 54
56 6 46
56 7 41
56 8 55
56 9 41
56 10 50
56 11 45
56 12 59
56 13 45
56 14 59
56 15 51
56 16 49
56 17 53
56 18 35
56 19 57
56 20 36
56 21 35
56 22 48
56 23 36
56 24 38
56 25 44
56 26 35
56 27 39
56 28 41
56 29 42
56 30 42
56 31 54
56 32 54
56 33 48
56 34 47
56 35 44
56 36 54
56 37 45
56 38 46
56 39 57
56 40 38
56 41 39
56 42 36
56 43 52
56 44 49
56 45 36
56 46 55
56 47 36
56 48 47
56 49 57
56 50 59
56 51 40
56 52 59
56 53 54
56 54 46
56 55 38
56 56 0
56 57 60
56 58 45
56 59 57
56 60 40
56 61 52
56 62 39
56 63 58
56 64 36
56 65 44
57 1 49
57 2 37
57 3 38
57 4 47
57 5 36
57 6 43
57 7 43
57 8 60
57 9 52
57 10 38
57 11 47
57 12 52
57 13 35
57 14 54
57 15 41
57 16 42
57 17 60
57 18 37
57 19 50
57 20 57
57 21 59
57 22 47
57 23 57
57 24 48
57 25 42
57 26 49
57 27 55
57 28 42
57 29 45
57 30 60
57 31 55
57 32 41
57 33 58
57 34 36
57 35 36
57 36 55
57 37 37
57 38 60
57 39 36
57 40 58
57 41 50
57 42 50
57 43 55
57 44 39
57 45 53
57 46 59
57 47 40
57 48 50
57 49 47
57 50 46
57 51 49
57 52 56
57 53 41
57 54 54
57 55 51
57 56 52
57 57 0
57 58 39
57 59 47
57 60 43
57 61 54
57 62 51
57 63 49
57 64 36
57 65 55
58 1 58
58 2 59
58 3 40
58 4 49
58 5 52
58 6 50
58 7 54
58 8 42
58 9 37
58 10 36
58 11 39
58 12 40
58 13 41
58 14 46
58 15 46
58 16 36
58 17 60
58 18 53
58 19 38
58 20 47
58 21 47
58 22 45
58 23 42
58 24 56
58 25 52
58 26 55
58 27 53
58 28 43
58 29 50
58 30 58
58 31 41
58 32 47
58 33 44
58 34 60
58 35 49
58 36 50
58 37 35
58 38 42
58 39 43
58 40 56
58 41 58
58 42 42
58 43 54
58 44 49
58 45 59
58 46 51
58 47 56
58 48 36
58 49 42
58 50 48
58 51 57
58 52 56
58 53 59
58 54 56
58 55 42
58 56 53
58 57 51
58 58 0
58 59 52
58 60 60
58 61 35
58 62 37
58 63 51
58 64 49
58 65 48
59 1 43
59 2 41
59 3 39
59 4 40
59 5 52
59 6 35
59 7 47
59 8 46
59 9 51
59 10 46
59 11 48
59 12 53
59 13 58
59 14 43
59 15 51
59 16 45
59 17 42
59 18 51
59 19 54
59 20 43
59 21 46
59 22 49
59 23 41
59 24 52
59 25 39
59 26 56
59 27 40
59 28 37
59 29 51
59 30 59
59 31 60
59 32 48
59 33 48
59 34 49
59 35 56
59 36 52
59 37 45
59 38 45
59 39 51
59 40 53
59 41 38
59 42 55
59 43 38
59 44 44
59 45 56
59 46 49
59 47 55
59 48 40
59 49 58
59 50 54
59 51 41
59 52 48
59 53 51
59 54 44
59 55 42
59 56 58
59 57 42
59 58 52
59 59 0
59 60 40
59 61 48
59 62 59
59 63 50
59 64 40
59 65 42
60 1 39
60 2 41
60 3 53
60 4 35
60 5 47
60 6 53
60 7 50
60 8 35
60 9 56
60 10 48
60 11 57
60 12 54
60 13 50
60 14 42
60 15 42
60 16 39
60 17 45
60 18 38
60 19 38
60 20 54
60 21 36
60 22 48
60 23 38
60 24 53
60 25 58
60 26 40
60 27 42
60 28 46
60 29 55
60 30 39
60 31 60
60 32 47
60 33 60
60 34 58
60 35 38
60 36 53
60 37 38
60 38 57
60 39 43
60 40 41
60 41 57
60 42 46
60 43 57
60 44 55
60 45 42
60 46 56
60 47 51
60 48 45
60 49 47
60 50 55
60 51 48
60 52 58
60 53 57
60 54 39
60 55 35
60 56 54
60 57 42
60 58 47
60 59 58
60 60 0
60 61 42
60 62 36
60 63 60
60 64 56
60 65 44
61 1 44
61 2 56
61 3 46
61 4 44
61 5 52
61 6 58
61 7 45
61 8 49
61 9 35
61 10 37
61 11 56
61 12 53
61 13 51
61 14 37
61 15 39
61 16 53
61 17 40
61 18 55
61 19 46
61 20 57
61 21 44
61 22 56
61 23 51
61 24 39
61 25 35
61 26 48
61 27 56
61 28 48
61 29 52
61 30 52
61 31 40
61 32 50
61 33 38
61 34 43
61 35 50
61 36 37
61 37 48
61 38 58
61 39 45
61 40 42
61 41 42
61 42 46
61 43 58
61 44 41
61 45 55
61 46 56
61 47 45
61 48 43
61 49 48
61 50 46
61 51 40
61 52 54
61 53 56
61 54 55
61 55 54
61 56 58
61 57 49
61 58 54
61 59 52
61 60 60
61 61 0
61 62 60
61 63 45
61 64 43
61 65 47
62 1 43
62 2 56
62 3 59
62 4 60
62 5 35
62 6 57
62 7 56
62 8 44
62 9 57
62 10 40
62 11 54
62 12 57
62 13 39
62 14 42
62 15 43
62 16 53
62 17 36
62 18 43
62 19 43
62 20 58
62 21 38
62 22 56
62 23 43
62 24 59
62 25 49
62 26 52
62 27 56
62 28 50
62 29 40
62 30 56
62 31 42
62 32 48
62 33 53
62 34 46
62 35 57
62 36 48
62 37 37
62 38 43
62 39 41
62 40 58
62 41 42
62 42 44
62 43 40
62 44 44
62 45 57
62 46 37
62 47 56
62 48 59
62 49 38
62 50 55
62 51 55
62 52 52
62 53 43
62 54 56
62 55 52
62 56 41
62 57 38
62 58 50
62 59 38
62 60 58
62 61 56
62 62 0
62 63 38
62 64 54
62 65 56
63 1 42
63 2 53
63 3 46
63 4 35
63 5 50
63 6 37
63 7 55
63 8 45
63 9 57
63 10 42
63 11 44
63 12 53
63 13 42
63 14 46
63 15 57
63 16 49
63 17 36
63 18 50
63 19 35
63 20 60
63 21 52
63 22 56
63 23 37
63 24 59
63 25 58
63 26 45
63 27 54
63 28 55
63 29 54
63 30 53
63 31 44
63 32 59
63 33 46
63 34 40
63 35 55
63 36 46
63 37 39
63 38 55
63 39 47
63 40 59
63 41 41
63 42 43
63 43 51
63 44 47
63 45 35
63 46 50
63 47 37
63 48 46
63 49 48
63 50 35
63 51 53
63 52 57
63 53 38
63 54 58
63 55 49
63 56 39
63 57 42
63 58 53
63 59 47
63 60 59
63 61 38
63 62 55
63 63 0
63 64 54
63 65 46
64 1 52
64 2 36
64 3 52
64 4 60
64 5 49
64 6 55
64 7 41
64 8 49
64 9 39
64 10 46
64 11 43
64 12 40
64 13 47
64 14 56
64 15 46
64 16 54
64 17 58
64 18 41
64 19 54
64 20 39
64 21 38
64 22 36
64 23 49
64 24 45
64 25 44
64 26 38
64 27 56
64 28 36
64 29 35
64 30 44
64 31 60
64 32 55
64 33 35
64 34 36
64 35 38
64 36 38
64 37 47
64 38 53
64 39 53
64 40 56
64 41 55
64 42 59
64 43 54
64 44 59
64 45 49
64 46 44
64 47 36
64 48 49
64 49 52
64 50 53
64 51 50
64 52 45
64 53 57
64 54 55
64 55 45
64 56 48
64 57 59
64 58 52
64 59 54
64 60 56
64 61 46
64 62 37
64 63 52
64 64 0
64 65 57
65 1 40
65 2 60
65 3 37
65 4 36
65 5 35
65 6 55
65 7 37
65 8 46
65 9 41
65 10 39
65 11 57
65 12 56
65 13 47
65 14 51
65 15 39
65 16 37
65 17 35
65 18 35
65 19 58
65 20 52
65 21 47
65 22 45
65 23 59
65 24 39
65 25 41
65 26 55
65 27 49
65 28 40
65 29 50
65 30 45
65 31 60
65 32 48
65 33 60
65 34 41
65 35 47
65 36 50
65 37 42
65 38 39
65 39 39
65 40 35
65 41 50
65 42 45
65 43 42
65 44 48
65 45 41
65 46 51
65 47 47
65 48 51
65 49 45
65 50 55
65 51 48
65 52 36
65 53 52
65 54 60
65 55 60
65 56 47
65 57 44
65 58 46
65 59 55
65 60 36
65 61 43
65 62 35
65 63 50
65 64 56
65 65 0
;
param Rinit :=
1 1 0
1 2 0
1 3 0
1 4 0
1 5 0
1 6 0
1 7 0
1 8 0
1 9 0
1 10 0
1 11 0
1 12 0
1 13 0
65 1 0
65 2 0
65 3 0
65 4 0
65 5 0
65 6 0
65 7 0
65 8 0
65 9 0
65 10 0
65 11 0
65 12 0
65 13 0
;