param sigma
: 1 2 :=
1	1e-05	0.99999
2	0.1	0.9
3	0.2	0.8
4	0.3	0.7
5	0.4	0.6
6	0.5	0.5
7	0.6	0.4
8	0.7	0.3
9	0.8	0.2
10	0.9	0.1
11	0.99999	1e-05
;

set O := 1 11;
set R := 2 3 4 5 6 7 8 9 10;
set S := -1 -11;
set K := 1 2 3 4;
param b := 11;
param theta := 20.0;
param peso_vacio := 3500;
param alpha :=
0 0
1 0
2 0
3 0
4 0
;
param beta :=
0 0.2
1 -0.1
2 0
3 0
4 0
;
param gamma :=
0 16.4
1 2.2
2 2.2
3 0.6
4 0.4
;
param delta :=
0 0
1 0
2 0
3 0
4 0
;
param epsilon :=
0 0.3
1 0
2 0
3 0
4 0
;
param zeta :=
0 2.4
1 2.5
2 1.3
3 4.5
4 3.3
;
param hta :=
0 1
1 1
2 1
3 1
4 1
;
param dm :=
1 0
2 3
3 2
4 1
5 3
6 2
7 1
8 3
9 2
10 1
11 0
;
param d :=
1 1 0.00
1 2 5.32
1 3 5.78
1 4 6.26
1 5 3.55
1 6 4.52
1 7 5.69
1 8 3.30
1 9 2.25
1 10 1.08
1 11 7.60
2 1 5.32
2 2 0.00
2 3 1.07
2 4 2.24
2 5 2.45
2 6 2.58
2 7 2.97
2 8 2.45
2 9 3.38
2 10 4.38
2 11 2.36
3 1 5.78
3 2 1.07
3 3 0.00
3 4 1.18
3 5 3.38
3 6 3.63
3 7 4.02
3 8 2.58
3 9 3.63
3 10 4.76
3 11 1.91
4 1 6.26
4 2 2.24
4 3 1.18
4 4 0.00
4 5 4.38
4 6 4.76
4 7 5.20
4 8 2.97
4 9 4.02
4 10 5.20
4 11 2.25
5 1 3.55
5 2 2.45
5 3 3.38
5 4 4.38
5 5 0.00
5 6 1.07
5 7 2.24
5 8 2.45
5 9 2.58
5 10 2.97
5 11 4.76
6 1 4.52
6 2 2.58
6 3 3.63
6 4 4.76
6 5 1.07
6 6 0.00
6 7 1.18
6 8 3.38
6 9 3.63
6 10 4.02
6 11 4.62
7 1 5.69
7 2 2.97
7 3 4.02
7 4 5.20
7 5 2.24
7 6 1.18
7 7 0.00
7 8 4.38
7 9 4.76
7 10 5.20
7 11 4.51
8 1 3.30
8 2 2.45
8 3 2.58
8 4 2.97
8 5 2.45
8 6 3.38
8 7 4.38
8 8 0.00
8 9 1.07
8 10 2.24
8 11 4.47
9 1 2.25
9 2 3.38
9 3 3.63
9 4 4.02
9 5 2.58
9 6 3.63
9 7 4.76
9 8 1.07
9 9 0.00
9 10 1.18
9 11 5.51
10 1 1.08
10 2 4.38
10 3 4.76
10 4 5.20
10 5 2.97
10 6 4.02
10 7 5.20
10 8 2.24
10 9 1.18
10 10 0.00
10 11 6.61
11 1 7.60
11 2 2.36
11 3 1.91
11 4 2.25
11 5 4.76
11 6 4.62
11 7 4.51
11 8 4.47
11 9 5.51
11 10 6.61
11 11 0.00
;
param v :=
1 1 0
1 2 57
1 3 54
1 4 54
1 5 53
1 6 37
1 7 60
1 8 55
1 9 59
1 10 60
1 11 45
2 1 58
2 2 0
2 3 39
2 4 36
2 5 51
2 6 38
2 7 58
2 8 40
2 9 59
2 10 56
2 11 52
3 1 52
3 2 59
3 3 0
3 4 50
3 5 42
3 6 35
3 7 35
3 8 46
3 9 56
3 10 49
3 11 57
4 1 40
4 2 44
4 3 42
4 4 0
4 5 40
4 6 39
4 7 55
4 8 59
4 9 50
4 10 35
4 11 36
5 1 57
5 2 53
5 3 47
5 4 55
5 5 0
5 6 40
5 7 36
5 8 57
5 9 56
5 10 59
5 11 38
6 1 44
6 2 48
6 3 40
6 4 51
6 5 56
6 6 0
6 7 52
6 8 60
6 9 37
6 10 45
6 11 51
7 1 55
7 2 39
7 3 37
7 4 38
7 5 54
7 6 36
7 7 0
7 8 45
7 9 36
7 10 52
7 11 42
8 1 56
8 2 45
8 3 56
8 4 37
8 5 40
8 6 37
8 7 47
8 8 0
8 9 45
8 10 57
8 11 37
9 1 39
9 2 40
9 3 53
9 4 53
9 5 39
9 6 60
9 7 36
9 8 57
9 9 0
9 10 54
9 11 45
10 1 56
10 2 43
10 3 36
10 4 60
10 5 36
10 6 36
10 7 54
10 8 56
10 9 47
10 10 0
10 11 38
11 1 51
11 2 49
11 3 49
11 4 51
11 5 51
11 6 50
11 7 52
11 8 60
11 9 39
11 10 35
11 11 0
;
param Rinit :=
1 1 0
1 2 0
11 1 0
11 2 0
;