param sigma
: 1 2 :=
1	1e-05	0.99999
2	0.1	0.9
3	0.2	0.8
4	0.3	0.7
5	0.4	0.6
6	0.5	0.5
7	0.6	0.4
8	0.7	0.3
9	0.8	0.2
10	0.9	0.1
11	0.99999	1e-05
;

set O := 1 26;
set R := 2 3 4 5 6 7 8 9 10 11 12 13 14 15 16 17 18 19 20 21 22 23 24 25;
set S := 1 26;
set K := 1 2 3 4 5;
param b := 12;
param theta := 20.0;
param peso_vacio := 3500;
param alpha :=
0 0
1 0
2 0
3 0
4 0
;
param beta :=
0 0.2
1 -0.1
2 0
3 0
4 0
;
param gamma :=
0 16.4
1 2.2
2 2.2
3 0.6
4 0.4
;
param delta :=
0 0
1 0
2 0
3 0
4 0
;
param epsilon :=
0 0.3
1 0
2 0
3 0
4 0
;
param zeta :=
0 2.4
1 2.5
2 1.3
3 4.5
4 3.3
;
param hta :=
0 1
1 1
2 1
3 1
4 1
;
param dm :=
1 0
2 3
3 2
4 1
5 3
6 2
7 1
8 3
9 2
10 1
11 3
12 2
13 1
14 3
15 2
16 1
17 3
18 2
19 1
20 3
21 2
22 1
23 3
24 2
25 1
26 0
;
param d :=
1 1 0.00
1 2 1.41
1 3 2.10
1 4 3.00
1 5 1.41
1 6 2.10
1 7 3.00
1 8 1.41
1 9 2.10
1 10 3.00
1 11 1.41
1 12 2.10
1 13 3.00
1 14 1.41
1 15 2.10
1 16 3.00
1 17 1.41
1 18 2.10
1 19 3.00
1 20 1.41
1 21 2.10
1 22 3.00
1 23 1.41
1 24 2.10
1 25 3.00
1 26 4.24
2 1 1.41
2 2 0.00
2 3 1.07
2 4 2.24
2 5 1.08
2 6 0.86
2 7 1.59
2 8 2.00
2 9 1.91
2 10 2.24
2 11 2.61
2 12 2.86
2 13 3.32
2 14 2.83
2 15 3.41
2 16 4.12
2 17 2.61
2 18 3.47
2 19 4.41
2 20 2.00
2 21 3.02
2 22 4.12
2 23 1.08
2 24 2.15
2 25 3.32
2 26 2.83
3 1 2.10
3 2 1.07
3 3 0.00
3 4 1.18
3 5 2.15
3 6 1.60
3 7 1.50
3 8 3.02
3 9 2.96
3 10 3.10
3 11 3.47
3 12 3.87
3 13 4.38
3 14 3.41
3 15 4.19
3 16 5.04
3 17 2.86
3 18 3.87
3 19 4.95
3 20 1.91
3 21 2.96
3 22 4.14
3 23 0.86
3 24 1.60
3 25 2.75
3 26 2.58
4 1 3.00
4 2 2.24
4 3 1.18
4 4 0.00
4 5 3.32
4 6 2.75
4 7 2.30
4 8 4.12
4 9 4.14
4 10 4.24
4 11 4.41
4 12 4.95
4 13 5.54
4 14 4.12
4 15 5.04
4 16 6.00
4 17 3.32
4 18 4.38
4 19 5.54
4 20 2.24
4 21 3.10
4 22 4.24
4 23 1.59
4 24 1.50
4 25 2.30
4 26 3.00
5 1 1.41
5 2 1.08
5 3 2.15
5 4 3.32
5 5 0.00
5 6 1.07
5 7 2.24
5 8 1.08
5 9 0.86
5 10 1.59
5 11 2.00
5 12 1.91
5 13 2.24
5 14 2.61
5 15 2.86
5 16 3.32
5 17 2.83
5 18 3.41
5 19 4.12
5 20 2.61
5 21 3.47
5 22 4.41
5 23 2.00
5 24 3.02
5 25 4.12
5 26 3.39
6 1 2.10
6 2 0.86
6 3 1.60
6 4 2.75
6 5 1.07
6 6 0.00
6 7 1.18
6 8 2.15
6 9 1.60
6 10 1.50
6 11 3.02
6 12 2.96
6 13 3.10
6 14 3.47
6 15 3.87
6 16 4.38
6 17 3.41
6 18 4.19
6 19 5.04
6 20 2.86
6 21 3.87
6 22 4.95
6 23 1.91
6 24 2.96
6 25 4.14
6 26 2.33
7 1 3.00
7 2 1.59
7 3 1.50
7 4 2.30
7 5 2.24
7 6 1.18
7 7 0.00
7 8 3.32
7 9 2.75
7 10 2.30
7 11 4.12
7 12 4.14
7 13 4.24
7 14 4.41
7 15 4.95
7 16 5.54
7 17 4.12
7 18 5.04
7 19 6.00
7 20 3.32
7 21 4.38
7 22 5.54
7 23 2.24
7 24 3.10
7 25 4.24
7 26 1.24
8 1 1.41
8 2 2.00
8 3 3.02
8 4 4.12
8 5 1.08
8 6 2.15
8 7 3.32
8 8 0.00
8 9 1.07
8 10 2.24
8 11 1.08
8 12 0.86
8 13 1.59
8 14 2.00
8 15 1.91
8 16 2.24
8 17 2.61
8 18 2.86
8 19 3.32
8 20 2.83
8 21 3.41
8 22 4.12
8 23 2.61
8 24 3.47
8 25 4.41
8 26 4.47
9 1 2.10
9 2 1.91
9 3 2.96
9 4 4.14
9 5 0.86
9 6 1.60
9 7 2.75
9 8 1.07
9 9 0.00
9 10 1.18
9 11 2.15
9 12 1.60
9 13 1.50
9 14 3.02
9 15 2.96
9 16 3.10
9 17 3.47
9 18 3.87
9 19 4.38
9 20 3.41
9 21 4.19
9 22 5.04
9 23 2.86
9 24 3.87
9 25 4.95
9 26 3.76
10 1 3.00
10 2 2.24
10 3 3.10
10 4 4.24
10 5 1.59
10 6 1.50
10 7 2.30
10 8 2.24
10 9 1.18
10 10 0.00
10 11 3.32
10 12 2.75
10 13 2.30
10 14 4.12
10 15 4.14
10 16 4.24
10 17 4.41
10 18 4.95
10 19 5.54
10 20 4.12
10 21 5.04
10 22 6.00
10 23 3.32
10 24 4.38
10 25 5.54
10 26 3.00
11 1 1.41
11 2 2.61
11 3 3.47
11 4 4.41
11 5 2.00
11 6 3.02
11 7 4.12
11 8 1.08
11 9 2.15
11 10 3.32
11 11 0.00
11 12 1.07
11 13 2.24
11 14 1.08
11 15 0.86
11 16 1.59
11 17 2.00
11 18 1.91
11 19 2.24
11 20 2.61
11 21 2.86
11 22 3.32
11 23 2.83
11 24 3.41
11 25 4.12
11 26 5.34
12 1 2.10
12 2 2.86
12 3 3.87
12 4 4.95
12 5 1.91
12 6 2.96
12 7 4.14
12 8 0.86
12 9 1.60
12 10 2.75
12 11 1.07
12 12 0.00
12 13 1.18
12 14 2.15
12 15 1.60
12 16 1.50
12 17 3.02
12 18 2.96
12 19 3.10
12 20 3.47
12 21 3.87
12 22 4.38
12 23 3.41
12 24 4.19
12 25 5.04
12 26 5.26
13 1 3.00
13 2 3.32
13 3 4.38
13 4 5.54
13 5 2.24
13 6 3.10
13 7 4.24
13 8 1.59
13 9 1.50
13 10 2.30
13 11 2.24
13 12 1.18
13 13 0.00
13 14 3.32
13 15 2.75
13 16 2.30
13 17 4.12
13 18 4.14
13 19 4.24
13 20 4.41
13 21 4.95
13 22 5.54
13 23 4.12
13 24 5.04
13 25 6.00
13 26 5.20
14 1 1.41
14 2 2.83
14 3 3.41
14 4 4.12
14 5 2.61
14 6 3.47
14 7 4.41
14 8 2.00
14 9 3.02
14 10 4.12
14 11 1.08
14 12 2.15
14 13 3.32
14 14 0.00
14 15 1.07
14 16 2.24
14 17 1.08
14 18 0.86
14 19 1.59
14 20 2.00
14 21 1.91
14 22 2.24
14 23 2.61
14 24 2.86
14 25 3.32
14 26 5.66
15 1 2.10
15 2 3.41
15 3 4.19
15 4 5.04
15 5 2.86
15 6 3.87
15 7 4.95
15 8 1.91
15 9 2.96
15 10 4.14
15 11 0.86
15 12 1.60
15 13 2.75
15 14 1.07
15 15 0.00
15 16 1.18
15 17 2.15
15 18 1.60
15 19 1.50
15 20 3.02
15 21 2.96
15 22 3.10
15 23 3.47
15 24 3.87
15 25 4.38
15 26 6.18
16 1 3.00
16 2 4.12
16 3 5.04
16 4 6.00
16 5 3.32
16 6 4.38
16 7 5.54
16 8 2.24
16 9 3.10
16 10 4.24
16 11 1.59
16 12 1.50
16 13 2.30
16 14 2.24
16 15 1.18
16 16 0.00
16 17 3.32
16 18 2.75
16 19 2.30
16 20 4.12
16 21 4.14
16 22 4.24
16 23 4.41
16 24 4.95
16 25 5.54
16 26 6.71
17 1 1.41
17 2 2.61
17 3 2.86
17 4 3.32
17 5 2.83
17 6 3.41
17 7 4.12
17 8 2.61
17 9 3.47
17 10 4.41
17 11 2.00
17 12 3.02
17 13 4.12
17 14 1.08
17 15 2.15
17 16 3.32
17 17 0.00
17 18 1.07
17 19 2.24
17 20 1.08
17 21 0.86
17 22 1.59
17 23 2.00
17 24 1.91
17 25 2.24
17 26 5.34
18 1 2.10
18 2 3.47
18 3 3.87
18 4 4.38
18 5 3.41
18 6 4.19
18 7 5.04
18 8 2.86
18 9 3.87
18 10 4.95
18 11 1.91
18 12 2.96
18 13 4.14
18 14 0.86
18 15 1.60
18 16 2.75
18 17 1.07
18 18 0.00
18 19 1.18
18 20 2.15
18 21 1.60
18 22 1.50
18 23 3.02
18 24 2.96
18 25 3.10
18 26 6.27
19 1 3.00
19 2 4.41
19 3 4.95
19 4 5.54
19 5 4.12
19 6 5.04
19 7 6.00
19 8 3.32
19 9 4.38
19 10 5.54
19 11 2.24
19 12 3.10
19 13 4.24
19 14 1.59
19 15 1.50
19 16 2.30
19 17 2.24
19 18 1.18
19 19 0.00
19 20 3.32
19 21 2.75
19 22 2.30
19 23 4.12
19 24 4.14
19 25 4.24
19 26 7.24
20 1 1.41
20 2 2.00
20 3 1.91
20 4 2.24
20 5 2.61
20 6 2.86
20 7 3.32
20 8 2.83
20 9 3.41
20 10 4.12
20 11 2.61
20 12 3.47
20 13 4.41
20 14 2.00
20 15 3.02
20 16 4.12
20 17 1.08
20 18 2.15
20 19 3.32
20 20 0.00
20 21 1.07
20 22 2.24
20 23 1.08
20 24 0.86
20 25 1.59
20 26 4.47
21 1 2.10
21 2 3.02
21 3 2.96
21 4 3.10
21 5 3.47
21 6 3.87
21 7 4.38
21 8 3.41
21 9 4.19
21 10 5.04
21 11 2.86
21 12 3.87
21 13 4.95
21 14 1.91
21 15 2.96
21 16 4.14
21 17 0.86
21 18 1.60
21 19 2.75
21 20 1.07
21 21 0.00
21 22 1.18
21 23 2.15
21 24 1.60
21 25 1.50
21 26 5.54
22 1 3.00
22 2 4.12
22 3 4.14
22 4 4.24
22 5 4.41
22 6 4.95
22 7 5.54
22 8 4.12
22 9 5.04
22 10 6.00
22 11 3.32
22 12 4.38
22 13 5.54
22 14 2.24
22 15 3.10
22 16 4.24
22 17 1.59
22 18 1.50
22 19 2.30
22 20 2.24
22 21 1.18
22 22 0.00
22 23 3.32
22 24 2.75
22 25 2.30
22 26 6.71
23 1 1.41
23 2 1.08
23 3 0.86
23 4 1.59
23 5 2.00
23 6 1.91
23 7 2.24
23 8 2.61
23 9 2.86
23 10 3.32
23 11 2.83
23 12 3.41
23 13 4.12
23 14 2.61
23 15 3.47
23 16 4.41
23 17 2.00
23 18 3.02
23 19 4.12
23 20 1.08
23 21 2.15
23 22 3.32
23 23 0.00
23 24 1.07
23 25 2.24
23 26 3.39
24 1 2.10
24 2 2.15
24 3 1.60
24 4 1.50
24 5 3.02
24 6 2.96
24 7 3.10
24 8 3.47
24 9 3.87
24 10 4.38
24 11 3.41
24 12 4.19
24 13 5.04
24 14 2.86
24 15 3.87
24 16 4.95
24 17 1.91
24 18 2.96
24 19 4.14
24 20 0.86
24 21 1.60
24 22 2.75
24 23 1.07
24 24 0.00
24 25 1.18
24 26 4.13
25 1 3.00
25 2 3.32
25 3 2.75
25 4 2.30
25 5 4.12
25 6 4.14
25 7 4.24
25 8 4.41
25 9 4.95
25 10 5.54
25 11 4.12
25 12 5.04
25 13 6.00
25 14 3.32
25 15 4.38
25 16 5.54
25 17 2.24
25 18 3.10
25 19 4.24
25 20 1.59
25 21 1.50
25 22 2.30
25 23 2.24
25 24 1.18
25 25 0.00
25 26 5.20
26 1 4.24
26 2 2.83
26 3 2.58
26 4 3.00
26 5 3.39
26 6 2.33
26 7 1.24
26 8 4.47
26 9 3.76
26 10 3.00
26 11 5.34
26 12 5.26
26 13 5.20
26 14 5.66
26 15 6.18
26 16 6.71
26 17 5.34
26 18 6.27
26 19 7.24
26 20 4.47
26 21 5.54
26 22 6.71
26 23 3.39
26 24 4.13
26 25 5.20
26 26 0.00
;
param v :=
1 1 0
1 2 35
1 3 51
1 4 40
1 5 36
1 6 60
1 7 41
1 8 59
1 9 49
1 10 52
1 11 59
1 12 47
1 13 44
1 14 59
1 15 54
1 16 46
1 17 52
1 18 56
1 19 47
1 20 46
1 21 58
1 22 43
1 23 44
1 24 53
1 25 35
1 26 43
2 1 47
2 2 0
2 3 59
2 4 58
2 5 45
2 6 37
2 7 45
2 8 45
2 9 44
2 10 47
2 11 47
2 12 42
2 13 39
2 14 49
2 15 45
2 16 44
2 17 46
2 18 59
2 19 42
2 20 43
2 21 45
2 22 53
2 23 55
2 24 57
2 25 37
2 26 42
3 1 45
3 2 58
3 3 0
3 4 37
3 5 50
3 6 52
3 7 45
3 8 35
3 9 40
3 10 51
3 11 51
3 12 52
3 13 49
3 14 41
3 15 59
3 16 55
3 17 53
3 18 39
3 19 47
3 20 52
3 21 49
3 22 44
3 23 53
3 24 60
3 25 47
3 26 45
4 1 43
4 2 58
4 3 48
4 4 0
4 5 45
4 6 48
4 7 35
4 8 53
4 9 54
4 10 49
4 11 54
4 12 37
4 13 52
4 14 49
4 15 45
4 16 56
4 17 54
4 18 39
4 19 38
4 20 43
4 21 59
4 22 44
4 23 56
4 24 50
4 25 39
4 26 35
5 1 59
5 2 54
5 3 58
5 4 55
5 5 0
5 6 48
5 7 56
5 8 41
5 9 41
5 10 35
5 11 36
5 12 60
5 13 47
5 14 59
5 15 51
5 16 54
5 17 45
5 18 39
5 19 54
5 20 38
5 21 58
5 22 51
5 23 60
5 24 36
5 25 35
5 26 41
6 1 53
6 2 37
6 3 50
6 4 45
6 5 38
6 6 0
6 7 46
6 8 40
6 9 44
6 10 43
6 11 53
6 12 46
6 13 51
6 14 50
6 15 47
6 16 50
6 17 49
6 18 58
6 19 60
6 20 56
6 21 57
6 22 35
6 23 58
6 24 55
6 25 52
6 26 40
7 1 59
7 2 38
7 3 38
7 4 59
7 5 59
7 6 56
7 7 0
7 8 37
7 9 56
7 10 49
7 11 46
7 12 39
7 13 52
7 14 50
7 15 45
7 16 59
7 17 60
7 18 43
7 19 37
7 20 41
7 21 56
7 22 44
7 23 37
7 24 51
7 25 54
7 26 60
8 1 43
8 2 44
8 3 50
8 4 38
8 5 51
8 6 54
8 7 55
8 8 0
8 9 40
8 10 44
8 11 37
8 12 59
8 13 48
8 14 38
8 15 52
8 16 56
8 17 42
8 18 39
8 19 42
8 20 39
8 21 35
8 22 36
8 23 39
8 24 47
8 25 57
8 26 42
9 1 40
9 2 53
9 3 45
9 4 46
9 5 54
9 6 55
9 7 55
9 8 45
9 9 0
9 10 37
9 11 54
9 12 37
9 13 47
9 14 45
9 15 56
9 16 50
9 17 58
9 18 60
9 19 48
9 20 60
9 21 51
9 22 52
9 23 59
9 24 43
9 25 51
9 26 46
10 1 44
10 2 56
10 3 44
10 4 39
10 5 48
10 6 47
10 7 44
10 8 58
10 9 46
10 10 0
10 11 50
10 12 60
10 13 50
10 14 41
10 15 47
10 16 43
10 17 51
10 18 39
10 19 46
10 20 37
10 21 58
10 22 42
10 23 43
10 24 39
10 25 41
10 26 45
11 1 48
11 2 58
11 3 48
11 4 44
11 5 53
11 6 52
11 7 47
11 8 59
11 9 41
11 10 38
11 11 0
11 12 40
11 13 53
11 14 60
11 15 49
11 16 40
11 17 35
11 18 56
11 19 45
11 20 43
11 21 57
11 22 51
11 23 37
11 24 47
11 25 52
11 26 44
12 1 59
12 2 46
12 3 58
12 4 43
12 5 40
12 6 37
12 7 53
12 8 37
12 9 55
12 10 51
12 11 39
12 12 0
12 13 48
12 14 57
12 15 52
12 16 55
12 17 37
12 18 59
12 19 51
12 20 35
12 21 56
12 22 38
12 23 46
12 24 49
12 25 58
12 26 46
13 1 41
13 2 41
13 3 38
13 4 45
13 5 43
13 6 58
13 7 49
13 8 42
13 9 45
13 10 48
13 11 47
13 12 36
13 13 0
13 14 46
13 15 52
13 16 49
13 17 51
13 18 40
13 19 57
13 20 50
13 21 38
13 22 46
13 23 47
13 24 43
13 25 59
13 26 38
14 1 55
14 2 54
14 3 47
14 4 55
14 5 35
14 6 54
14 7 45
14 8 40
14 9 47
14 10 43
14 11 59
14 12 60
14 13 48
14 14 0
14 15 57
14 16 40
14 17 46
14 18 43
14 19 43
14 20 39
14 21 57
14 22 58
14 23 48
14 24 52
14 25 56
14 26 36
15 1 48
15 2 55
15 3 56
15 4 52
15 5 50
15 6 53
15 7 52
15 8 51
15 9 55
15 10 41
15 11 59
15 12 50
15 13 38
15 14 44
15 15 0
15 16 38
15 17 40
15 18 42
15 19 58
15 20 35
15 21 51
15 22 35
15 23 57
15 24 36
15 25 60
15 26 43
16 1 60
16 2 58
16 3 50
16 4 35
16 5 50
16 6 54
16 7 56
16 8 41
16 9 48
16 10 48
16 11 47
16 12 51
16 13 53
16 14 55
16 15 60
16 16 0
16 17 35
16 18 46
16 19 53
16 20 59
16 21 40
16 22 50
16 23 44
16 24 39
16 25 60
16 26 56
17 1 44
17 2 36
17 3 59
17 4 60
17 5 59
17 6 52
17 7 47
17 8 52
17 9 45
17 10 50
17 11 60
17 12 50
17 13 37
17 14 52
17 15 52
17 16 53
17 17 0
17 18 35
17 19 58
17 20 60
17 21 54
17 22 51
17 23 44
17 24 48
17 25 45
17 26 43
18 1 48
18 2 37
18 3 51
18 4 43
18 5 40
18 6 56
18 7 55
18 8 41
18 9 60
18 10 43
18 11 44
18 12 52
18 13 43
18 14 39
18 15 53
18 16 37
18 17 51
18 18 0
18 19 36
18 20 42
18 21 54
18 22 53
18 23 37
18 24 42
18 25 60
18 26 48
19 1 35
19 2 55
19 3 54
19 4 51
19 5 39
19 6 36
19 7 45
19 8 43
19 9 46
19 10 42
19 11 54
19 12 56
19 13 46
19 14 60
19 15 58
19 16 39
19 17 53
19 18 41
19 19 0
19 20 51
19 21 46
19 22 60
19 23 39
19 24 60
19 25 49
19 26 45
20 1 36
20 2 37
20 3 36
20 4 44
20 5 43
20 6 37
20 7 44
20 8 43
20 9 37
20 10 58
20 11 49
20 12 56
20 13 41
20 14 42
20 15 39
20 16 42
20 17 60
20 18 50
20 19 38
20 20 0
20 21 53
20 22 49
20 23 60
20 24 58
20 25 60
20 26 35
21 1 36
21 2 48
21 3 40
21 4 43
21 5 52
21 6 55
21 7 47
21 8 51
21 9 47
21 10 37
21 11 40
21 12 36
21 13 60
21 14 40
21 15 39
21 16 59
21 17 54
21 18 39
21 19 46
21 20 59
21 21 0
21 22 37
21 23 45
21 24 39
21 25 58
21 26 43
22 1 52
22 2 55
22 3 46
22 4 37
22 5 59
22 6 38
22 7 39
22 8 50
22 9 46
22 10 60
22 11 39
22 12 60
22 13 37
22 14 40
22 15 60
22 16 49
22 17 56
22 18 53
22 19 52
22 20 54
22 21 36
22 22 0
22 23 37
22 24 43
22 25 55
22 26 36
23 1 59
23 2 38
23 3 44
23 4 44
23 5 49
23 6 41
23 7 51
23 8 60
23 9 45
23 10 57
23 11 51
23 12 38
23 13 56
23 14 48
23 15 59
23 16 39
23 17 41
23 18 54
23 19 37
23 20 36
23 21 38
23 22 60
23 23 0
23 24 56
23 25 44
23 26 60
24 1 53
24 2 46
24 3 52
24 4 60
24 5 56
24 6 40
24 7 51
24 8 55
24 9 47
24 10 39
24 11 35
24 12 53
24 13 43
24 14 46
24 15 47
24 16 51
24 17 50
24 18 40
24 19 47
24 20 49
24 21 59
24 22 49
24 23 60
24 24 0
24 25 51
24 26 35
25 1 54
25 2 55
25 3 48
25 4 48
25 5 60
25 6 55
25 7 55
25 8 44
25 9 54
25 10 45
25 11 60
25 12 46
25 13 47
25 14 36
25 15 38
25 16 55
25 17 44
25 18 59
25 19 39
25 20 54
25 21 50
25 22 48
25 23 57
25 24 53
25 25 0
25 26 43
26 1 45
26 2 35
26 3 50
26 4 42
26 5 40
26 6 52
26 7 55
26 8 42
26 9 47
26 10 48
26 11 45
26 12 55
26 13 45
26 14 40
26 15 52
26 16 35
26 17 51
26 18 54
26 19 55
26 20 50
26 21 50
26 22 60
26 23 56
26 24 36
26 25 41
26 26 0
;
param Rinit :=
1 1 0
1 2 0
1 3 0
1 4 0
1 5 0
26 1 0
26 2 0
26 3 0
26 4 0
26 5 0
;
param f :=
1 1
2 2
3 3
4 4
;