2.227510e+03	1.119445e+02	
2.191660e+03	1.131042e+02	
2.191660e+03	1.131042e+02	
2.217010e+03	1.129941e+02	
2.218960e+03	1.127614e+02	
2.223850e+03	1.119476e+02	
2.217010e+03	1.129941e+02	
2.218960e+03	1.127614e+02	
2.218960e+03	1.127614e+02	
2.223850e+03	1.119476e+02	
2.223850e+03	1.119476e+02	
2.191660e+03	1.131042e+02	
2.217010e+03	1.129941e+02	
2.217010e+03	1.129941e+02	
2.218960e+03	1.127614e+02	
2.223850e+03	1.119476e+02	
2.218960e+03	1.127614e+02	
2.218960e+03	1.127614e+02	
2.217010e+03	1.129941e+02	
2.223850e+03	1.119476e+02	
2.217010e+03	1.129941e+02	
2.223850e+03	1.119476e+02	
2.223850e+03	1.119476e+02	
2.223850e+03	1.119476e+02	
2.217010e+03	1.129941e+02	
2.223850e+03	1.119476e+02	
2.223850e+03	1.119476e+02	
2.223850e+03	1.119476e+02	
2.217010e+03	1.129941e+02	
2.223850e+03	1.119476e+02	
2.223850e+03	1.119476e+02	
2.223850e+03	1.119476e+02	
2.223850e+03	1.119476e+02	
2.223850e+03	1.119476e+02	
2.223850e+03	1.119476e+02	
2.223850e+03	1.119476e+02	
2.223850e+03	1.119476e+02	
2.223850e+03	1.119476e+02	
2.223850e+03	1.119476e+02	
2.223850e+03	1.119476e+02	
2.191660e+03	1.131042e+02	
2.217010e+03	1.129941e+02	
2.223850e+03	1.119476e+02	
2.223850e+03	1.119476e+02	
2.217010e+03	1.129941e+02	
2.223850e+03	1.119476e+02	
2.191660e+03	1.131042e+02	
2.223850e+03	1.119476e+02	
2.217010e+03	1.129941e+02	
2.191660e+03	1.131042e+02	
2.223850e+03	1.119476e+02	
2.223850e+03	1.119476e+02	
2.223850e+03	1.119476e+02	
2.223850e+03	1.119476e+02	
2.217010e+03	1.129941e+02	
2.223850e+03	1.119476e+02	
2.218960e+03	1.127614e+02	
2.223850e+03	1.119476e+02	
2.217010e+03	1.129941e+02	
2.218960e+03	1.127614e+02	
2.217010e+03	1.129941e+02	
2.217010e+03	1.129941e+02	
2.218960e+03	1.127614e+02	
2.217010e+03	1.129941e+02	
2.223850e+03	1.119476e+02	
2.223850e+03	1.119476e+02	
2.217010e+03	1.129941e+02	
2.223850e+03	1.119476e+02	
2.223850e+03	1.119476e+02	
2.217010e+03	1.129941e+02	
2.217010e+03	1.129941e+02	
2.191660e+03	1.131042e+02	
2.223850e+03	1.119476e+02	
2.223850e+03	1.119476e+02	
2.217010e+03	1.129941e+02	
2.218960e+03	1.127614e+02	
2.223850e+03	1.119476e+02	
2.223850e+03	1.119476e+02	
2.223850e+03	1.119476e+02	
2.217010e+03	1.129941e+02	
2.223850e+03	1.119476e+02	
2.223850e+03	1.119476e+02	
2.223850e+03	1.119476e+02	
2.223850e+03	1.119476e+02	
2.223850e+03	1.119476e+02	
2.223850e+03	1.119476e+02	
2.223850e+03	1.119476e+02	
2.217010e+03	1.129941e+02	
2.223850e+03	1.119476e+02	
2.223850e+03	1.119476e+02	
2.223850e+03	1.119476e+02	
2.217010e+03	1.129941e+02	
2.217010e+03	1.129941e+02	
2.218960e+03	1.127614e+02	
2.217010e+03	1.129941e+02	
2.223850e+03	1.119476e+02	
2.217010e+03	1.129941e+02	
2.223850e+03	1.119476e+02	
2.218960e+03	1.127614e+02	
2.223850e+03	1.119476e+02	
2.183870e+03	1.082120e+02	
2.108080e+03	1.074434e+02	
2.108080e+03	1.074434e+02	
2.108080e+03	1.074434e+02	
2.108080e+03	1.074434e+02	
2.108080e+03	1.074434e+02	
2.108080e+03	1.074434e+02	
2.109740e+03	1.080687e+02	
2.109740e+03	1.080687e+02	
2.161940e+03	1.080403e+02	
2.164320e+03	1.075546e+02	
2.109740e+03	1.080687e+02	
2.161940e+03	1.080403e+02	
2.109740e+03	1.080687e+02	
2.164320e+03	1.075546e+02	
2.109740e+03	1.080687e+02	
2.109740e+03	1.080687e+02	
2.164320e+03	1.075546e+02	
2.109740e+03	1.080687e+02	
2.109740e+03	1.080687e+02	
2.109740e+03	1.080687e+02	
2.109740e+03	1.080687e+02	
2.164320e+03	1.075546e+02	
2.161940e+03	1.080403e+02	
2.109740e+03	1.080687e+02	
2.109740e+03	1.080687e+02	
2.109740e+03	1.080687e+02	
2.109740e+03	1.080687e+02	
2.161940e+03	1.080403e+02	
2.109740e+03	1.080687e+02	
2.109740e+03	1.080687e+02	
2.109740e+03	1.080687e+02	
2.161940e+03	1.080403e+02	
2.109740e+03	1.080687e+02	
2.109740e+03	1.080687e+02	
2.164320e+03	1.075546e+02	
2.164320e+03	1.075546e+02	
2.105500e+03	1.089927e+02	
2.091300e+03	1.106554e+02	
2.091300e+03	1.106554e+02	
2.105500e+03	1.089927e+02	
2.091300e+03	1.106554e+02	
2.091300e+03	1.106554e+02	
2.105500e+03	1.089927e+02	
2.091300e+03	1.106554e+02	
2.102380e+03	1.091007e+02	
2.091300e+03	1.106554e+02	
2.091300e+03	1.106554e+02	
2.105500e+03	1.089927e+02	
2.105500e+03	1.089927e+02	
2.091300e+03	1.106554e+02	
2.110800e+03	1.169015e+02	
2.170590e+03	1.107798e+02	
2.129060e+03	1.127338e+02	
2.162520e+03	1.118620e+02	
2.122130e+03	1.140318e+02	
2.129060e+03	1.127338e+02	
2.122130e+03	1.140318e+02	
2.122130e+03	1.140318e+02	
2.129060e+03	1.127338e+02	
2.162520e+03	1.118620e+02	
2.162520e+03	1.118620e+02	
2.166180e+03	1.110285e+02	
2.122130e+03	1.140318e+02	
2.129060e+03	1.127338e+02	
2.166180e+03	1.110285e+02	
2.170590e+03	1.107798e+02	
2.166180e+03	1.110285e+02	
2.162520e+03	1.118620e+02	
2.166180e+03	1.110285e+02	
2.170590e+03	1.107798e+02	
2.129060e+03	1.127338e+02	
2.129060e+03	1.127338e+02	
2.129060e+03	1.127338e+02	
2.122130e+03	1.140318e+02	
2.129060e+03	1.127338e+02	
2.129060e+03	1.127338e+02	
2.129060e+03	1.127338e+02	
2.162520e+03	1.118620e+02	
2.129060e+03	1.127338e+02	
2.129060e+03	1.127338e+02	
2.129060e+03	1.127338e+02	
2.162520e+03	1.118620e+02	
2.129060e+03	1.127338e+02	
2.170590e+03	1.107798e+02	
2.129060e+03	1.127338e+02	
2.129060e+03	1.127338e+02	
2.129060e+03	1.127338e+02	
2.170590e+03	1.107798e+02	
2.166180e+03	1.110285e+02	
2.129060e+03	1.127338e+02	
2.170590e+03	1.107798e+02	
2.129060e+03	1.127338e+02	
2.129060e+03	1.127338e+02	
2.122130e+03	1.140318e+02	
2.122130e+03	1.140318e+02	
2.129060e+03	1.127338e+02	
2.129060e+03	1.127338e+02	
2.162520e+03	1.118620e+02	
2.129060e+03	1.127338e+02	
2.170590e+03	1.107798e+02	
2.129060e+03	1.127338e+02	
2.129060e+03	1.127338e+02	
2.162520e+03	1.118620e+02	
2.129060e+03	1.127338e+02	
2.129060e+03	1.127338e+02	
2.129060e+03	1.127338e+02	
2.162520e+03	1.118620e+02	
2.170590e+03	1.107798e+02	
2.170590e+03	1.107798e+02	
2.170590e+03	1.107798e+02	
2.170590e+03	1.107798e+02	
2.129060e+03	1.127338e+02	
2.122130e+03	1.140318e+02	
2.129060e+03	1.127338e+02	
2.129060e+03	1.127338e+02	
2.129060e+03	1.127338e+02	
2.129060e+03	1.127338e+02	
2.129060e+03	1.127338e+02	
2.129060e+03	1.127338e+02	
2.162520e+03	1.118620e+02	
2.129060e+03	1.127338e+02	
2.129060e+03	1.127338e+02	
2.129060e+03	1.127338e+02	
2.129060e+03	1.127338e+02	
2.122130e+03	1.140318e+02	
2.129060e+03	1.127338e+02	
2.122130e+03	1.140318e+02	
2.162520e+03	1.118620e+02	
2.122130e+03	1.140318e+02	
2.129060e+03	1.127338e+02	
2.129060e+03	1.127338e+02	
2.129060e+03	1.127338e+02	
2.129060e+03	1.127338e+02	
2.129060e+03	1.127338e+02	
2.129060e+03	1.127338e+02	
2.129060e+03	1.127338e+02	
2.129060e+03	1.127338e+02	
2.162520e+03	1.118620e+02	
2.129060e+03	1.127338e+02	
2.170590e+03	1.107798e+02	
2.129060e+03	1.127338e+02	
2.129060e+03	1.127338e+02	
2.129060e+03	1.127338e+02	
2.129060e+03	1.127338e+02	
2.162520e+03	1.118620e+02	
2.129060e+03	1.127338e+02	
2.129060e+03	1.127338e+02	
2.129060e+03	1.127338e+02	
2.129060e+03	1.127338e+02	
2.129060e+03	1.127338e+02	
2.097560e+03	1.065066e+02	
2.097560e+03	1.065066e+02	
2.097560e+03	1.065066e+02	
2.099850e+03	1.059522e+02	
2.103990e+03	1.054068e+02	
2.102570e+03	1.054114e+02	
2.097560e+03	1.065066e+02	
2.101920e+03	1.058418e+02	
2.101920e+03	1.058418e+02	
2.101920e+03	1.058418e+02	
2.097560e+03	1.065066e+02	
2.099850e+03	1.059522e+02	
2.097560e+03	1.065066e+02	
2.105240e+03	1.053607e+02	
2.097560e+03	1.065066e+02	
